# Menlo Systems GmbH TERAScan++
# Program Version 1.0.96
# Start: 3242 ps, Average over 67108 waveforms. Timestamp: 2017-10-16T15:20:57
# Window type: Tukey, parameters: alpha = 0.1
# Time [ps]	THz Signal [a.u.]
3242	0
3242.05	-5.8762605e-05
3242.1	-0.00019833212
3242.15	-0.00036448069
3242.2	-0.00051696147
3242.25	-0.00053859016
3242.3	-0.00048280662
3242.35	-0.00014679279
3242.4	0.00034344842
3242.45	0.0010113866
3242.5	0.0018161742
3242.55	0.0029674406
3242.6	0.0041450235
3242.65	0.0055943413
3242.7	0.0068887596
3242.75	0.0081594615
3242.8	0.0088318655
3242.85	0.0089755285
3242.9	0.0078755962
3242.95	0.0057691156
3243	0.0023801683
3243.05	-0.0017656362
3243.1	-0.0084826837
3243.15	-0.016385473
3243.2	-0.027145189
3243.25	-0.039642452
3243.3	-0.055439886
3243.35	-0.072624333
3243.4	-0.093879961
3243.45	-0.11635646
3243.5	-0.1403036
3243.55	-0.16650664
3243.6	-0.19669407
3243.65	-0.22853148
3243.7	-0.26173873
3243.75	-0.29558755
3243.8	-0.33080648
3243.85	-0.36493252
3243.9	-0.40134714
3243.95	-0.43538847
3244	-0.47025851
3244.05	-0.50261142
3244.1	-0.53636555
3244.15	-0.56604991
3244.2	-0.59771086
3244.25	-0.62882654
3244.3	-0.65742965
3244.35	-0.68083708
3244.4	-0.70103508
3244.45	-0.70961427
3244.5	-0.7189857
3244.55	-0.72387768
3244.6	-0.72285576
3244.65	-0.71091959
3244.7	-0.70376636
3244.75	-0.68827437
3244.8	-0.66882261
3244.85	-0.64413189
3244.9	-0.61956787
3244.95	-0.58916093
3245	-0.55778118
3245.05	-0.52113539
3245.1	-0.48569064
3245.15	-0.44919929
3245.2	-0.40919637
3245.25	-0.36564764
3245.3	-0.32813
3245.35	-0.28751177
3245.4	-0.25422439
3245.45	-0.22591475
3245.5	-0.20755737
3245.55	-0.18584626
3245.6	-0.1725545
3245.65	-0.16143403
3245.7	-0.16401556
3245.75	-0.17783703
3245.8	-0.20371678
3245.85	-0.22979186
3245.9	-0.26458758
3245.95	-0.30758902
3246	-0.35644734
3246.05	-0.39564716
3246.1	-0.4452519
3246.15	-0.49408872
3246.2	-0.54866964
3246.25	-0.60413796
3246.3	-0.67036156
3246.35	-0.72476937
3246.4	-0.7801151
3246.45	-0.83504842
3246.5	-0.89797668
3246.55	-0.95638421
3246.6	-1.0122734
3246.65	-1.0546431
3246.7	-1.0925002
3246.75	-1.1253782
3246.8	-1.1560587
3246.85	-1.1676308
3246.9	-1.1741044
3246.95	-1.1786799
3247	-1.1900823
3247.05	-1.1881874
3247.1	-1.1920028
3247.15	-1.186161
3247.2	-1.1869564
3247.25	-1.1682469
3247.3	-1.1505043
3247.35	-1.123783
3247.4	-1.1002968
3247.45	-1.0699388
3247.5	-1.0433885
3247.55	-1.0105303
3247.6	-0.98381857
3247.65	-0.94225549
3247.7	-0.91111171
3247.75	-0.87630627
3247.8	-0.84946355
3247.85	-0.80637068
3247.9	-0.77771168
3247.95	-0.74640829
3248	-0.72248327
3248.05	-0.69359598
3248.1	-0.67683332
3248.15	-0.6500811
3248.2	-0.63489916
3248.25	-0.62337026
3248.3	-0.6160983
3248.35	-0.60658305
3248.4	-0.60257804
3248.45	-0.5794793
3248.5	-0.56867937
3248.55	-0.54744512
3248.6	-0.54100218
3248.65	-0.53275023
3248.7	-0.53134458
3248.75	-0.52513311
3248.8	-0.52690301
3248.85	-0.52690847
3248.9	-0.53738871
3248.95	-0.54772798
3249	-0.56048153
3249.05	-0.5620618
3249.1	-0.5735525
3249.15	-0.57346337
3249.2	-0.57289538
3249.25	-0.56156248
3249.3	-0.55142239
3249.35	-0.53736097
3249.4	-0.53761836
3249.45	-0.53957425
3249.5	-0.55192717
3249.55	-0.55399811
3249.6	-0.56402633
3249.65	-0.57125191
3249.7	-0.59154891
3249.75	-0.6069091
3249.8	-0.62562993
3249.85	-0.63594328
3249.9	-0.64333802
3249.95	-0.63916839
3250	-0.64118658
3250.05	-0.63591645
3250.1	-0.62960993
3250.15	-0.61532522
3250.2	-0.60437567
3250.25	-0.59089588
3250.3	-0.58275898
3250.35	-0.56495903
3250.4	-0.55927371
3250.45	-0.54784621
3250.5	-0.53917316
3250.55	-0.51515264
3250.6	-0.49542408
3250.65	-0.46513797
3250.7	-0.44103378
3250.75	-0.41846711
3250.8	-0.40671265
3250.85	-0.38711233
3250.9	-0.37458433
3250.95	-0.35263203
3251	-0.34538736
3251.05	-0.32629818
3251.1	-0.31615127
3251.15	-0.30436362
3251.2	-0.30038362
3251.25	-0.29974241
3251.3	-0.31201893
3251.35	-0.32877022
3251.4	-0.35091716
3251.45	-0.37767529
3251.5	-0.41956534
3251.55	-0.46423574
3251.6	-0.51366241
3251.65	-0.55789399
3251.7	-0.61449712
3251.75	-0.66157135
3251.8	-0.71383523
3251.85	-0.75841968
3251.9	-0.80690729
3251.95	-0.8503776
3252	-0.89780564
3252.05	-0.92696668
3252.1	-0.97474988
3252.15	-1.008744
3252.2	-1.0485118
3252.25	-1.0935773
3252.3	-1.1477439
3252.35	-1.191036
3252.4	-1.2382039
3252.45	-1.2865828
3252.5	-1.3332991
3252.55	-1.3800773
3252.6	-1.4265426
3252.65	-1.4703436
3252.7	-1.5215078
3252.75	-1.5687694
3252.8	-1.625705
3252.85	-1.6757006
3252.9	-1.7366839
3252.95	-1.7950619
3253	-1.8558242
3253.05	-1.9053982
3253.1	-1.9555257
3253.15	-1.9953129
3253.2	-2.0337459
3253.25	-2.0609879
3253.3	-2.0784759
3253.35	-2.0605723
3253.4	-2.0158214
3253.45	-1.9198903
3253.5	-1.7837254
3253.55	-1.5794616
3253.6	-1.3239849
3253.65	-1.0016763
3253.7	-0.62862857
3253.75	-0.21241888
3253.8	0.21546523
3253.85	0.65881868
3253.9	1.0810811
3253.95	1.4611589
3254	1.7734565
3254.05	2.01586
3254.1	2.1638444
3254.15	2.2225713
3254.2	2.1761751
3254.25	2.0445299
3254.3	1.8327504
3254.35	1.5582696
3254.4	1.2217163
3254.45	0.85232617
3254.5	0.45819839
3254.55	0.060749547
3254.6	-0.34037234
3254.65	-0.72524226
3254.7	-1.0851321
3254.75	-1.4103493
3254.8	-1.7082536
3254.85	-1.9643065
3254.9	-2.1848936
3254.95	-2.3629382
3255	-2.5020517
3255.05	-2.6054585
3255.1	-2.6825383
3255.15	-2.7264224
3255.2	-2.7424711
3255.25	-2.7351637
3255.3	-2.7261727
3255.35	-2.7005901
3255.4	-2.6819357
3255.45	-2.6575177
3255.5	-2.6517114
3255.55	-2.6442767
3255.6	-2.6413567
3255.65	-2.6353844
3255.7	-2.6377705
3255.75	-2.6264463
3255.8	-2.6184549
3255.85	-2.6052261
3255.9	-2.5960019
3255.95	-2.5808395
3256	-2.5652051
3256.05	-2.5494456
3256.1	-2.545603
3256.15	-2.5498958
3256.2	-2.5694125
3256.25	-2.5837481
3256.3	-2.6033994
3256.35	-2.6189037
3256.4	-2.6432094
3256.45	-2.6538201
3256.5	-2.6722872
3256.55	-2.685194
3256.6	-2.6972386
3256.65	-2.7017329
3256.7	-2.7090631
3256.75	-2.7044301
3256.8	-2.6998102
3256.85	-2.6950662
3256.9	-2.6982186
3256.95	-2.6981604
3257	-2.7044032
3257.05	-2.7076993
3257.1	-2.7186861
3257.15	-2.7265206
3257.2	-2.7464966
3257.25	-2.7696758
3257.3	-2.8055449
3257.35	-2.8325904
3257.4	-2.8803222
3257.45	-2.9343246
3257.5	-3.0019901
3257.55	-3.0689439
3257.6	-3.1458617
3257.65	-3.225364
3257.7	-3.3044706
3257.75	-3.3817804
3257.8	-3.4666169
3257.85	-3.5436235
3257.9	-3.6213085
3257.95	-3.6798652
3258	-3.7272914
3258.05	-3.7456421
3258.1	-3.7379413
3258.15	-3.6841445
3258.2	-3.594659
3258.25	-3.4550357
3258.3	-3.2830053
3258.35	-3.0657947
3258.4	-2.8143407
3258.45	-2.5340149
3258.5	-2.2304895
3258.55	-1.9045674
3258.6	-1.5816721
3258.65	-1.2590793
3258.7	-0.95845925
3258.75	-0.69137951
3258.8	-0.49020761
3258.85	-0.35309906
3258.9	-0.32203896
3258.95	-0.40806781
3259	-0.62894508
3259.05	-0.98260392
3259.1	-1.4685009
3259.15	-2.0850512
3259.2	-2.81364
3259.25	-3.6352262
3259.3	-4.5254552
3259.35	-5.457043
3259.4	-6.4105864
3259.45	-7.347117
3259.5	-8.2671864
3259.55	-9.1313816
3259.6	-9.9600598
3259.65	-10.729174
3259.7	-11.452254
3259.75	-12.121168
3259.8	-12.764316
3259.85	-13.375285
3259.9	-13.972813
3259.95	-14.566497
3260	-15.182516
3260.05	-15.81089
3260.1	-16.48452
3260.15	-17.197172
3260.2	-17.96978
3260.25	-18.78417
3260.3	-19.659882
3260.35	-20.583961
3260.4	-21.564198
3260.45	-22.59745
3260.5	-23.694021
3260.55	-24.847262
3260.6	-26.062743
3260.65	-27.349894
3260.7	-28.71372
3260.75	-30.152313
3260.8	-31.682119
3260.85	-33.309971
3260.9	-35.064201
3260.95	-36.931607
3261	-38.912172
3261.05	-40.976313
3261.1	-43.094003
3261.15	-45.179478
3261.2	-47.123048
3261.25	-48.712978
3261.3	-49.641972
3261.35	-49.452255
3261.4	-47.520407
3261.45	-42.996486
3261.5	-34.792917
3261.55	-21.606464
3261.6	-2.0047645
3261.65	25.449721
3261.7	61.93135
3261.75	108.08179
3261.8	163.69223
3261.85	227.45197
3261.9	296.8069
3261.95	368.07474
3262	436.68298
3262.05	497.64668
3262.1	546.08208
3262.15	577.79216
3262.2	589.6679
3262.25	580.05918
3262.3	548.84641
3262.35	497.46682
3262.4	428.65895
3262.45	346.1876
3262.5	254.44382
3262.55	158.07139
3262.6	61.557189
3262.65	-31.005872
3262.7	-116.20292
3262.75	-191.39815
3262.8	-254.83959
3262.85	-305.57339
3262.9	-343.38761
3262.95	-368.64262
3263	-382.17873
3263.05	-385.14515
3263.1	-378.9006
3263.15	-364.88406
3263.2	-344.60923
3263.25	-319.57281
3263.3	-291.26568
3263.35	-261.11529
3263.4	-230.50001
3263.45	-200.66947
3263.5	-172.70623
3263.55	-147.46436
3263.6	-125.53212
3263.65	-107.15079
3263.7	-92.27135
3263.75	-80.561576
3263.8	-71.502595
3263.85	-64.422095
3263.9	-58.662201
3263.95	-53.61535
3264	-48.854419
3264.05	-44.109149
3264.1	-39.325835
3264.15	-34.533884
3264.2	-29.894196
3264.25	-25.577261
3264.3	-21.785487
3264.35	-18.634185
3264.4	-16.195439
3264.45	-14.45654
3264.5	-13.356007
3264.55	-12.756078
3264.6	-12.511602
3264.65	-12.436009
3264.7	-12.363758
3264.75	-12.111914
3264.8	-11.560161
3264.85	-10.582771
3264.9	-9.1063002
3264.95	-7.0617934
3265	-4.4524114
3265.05	-1.3053732
3265.1	2.2455745
3265.15	6.0476906
3265.2	9.8619658
3265.25	13.461397
3265.3	16.599372
3265.35	19.080835
3265.4	20.761431
3265.45	21.610813
3265.5	21.673935
3265.55	21.113206
3265.6	20.146476
3265.65	19.044921
3265.7	18.056852
3265.75	17.370224
3265.8	17.060319
3265.85	17.118599
3265.9	17.401021
3265.95	17.71741
3266	17.849987
3266.05	17.634865
3266.1	16.972084
3266.15	15.870291
3266.2	14.426987
3266.25	12.817976
3266.3	11.243878
3266.35	9.9299691
3266.4	9.0385769
3266.45	8.6704387
3266.5	8.8506333
3266.55	9.5517627
3266.6	10.650777
3266.65	12.002565
3266.7	13.416593
3266.75	14.734751
3266.8	15.792529
3266.85	16.477941
3266.9	16.711371
3266.95	16.478821
3267	15.752907
3267.05	14.547496
3267.1	12.874324
3267.15	10.762204
3267.2	8.2555797
3267.25	5.4591117
3267.3	2.4848311
3267.35	-0.47347133
3267.4	-3.2504604
3267.45	-5.6690899
3267.5	-7.5813285
3267.55	-8.8721468
3267.6	-9.5071378
3267.65	-9.4711364
3267.7	-8.808691
3267.75	-7.5866678
3267.8	-5.9137153
3267.85	-3.8902518
3267.9	-1.6317505
3267.95	0.76429914
3268	3.1957113
3268.05	5.5611378
3268.1	7.7706568
3268.15	9.7242565
3268.2	11.318354
3268.25	12.485608
3268.3	13.190486
3268.35	13.432927
3268.4	13.255092
3268.45	12.730543
3268.5	11.956375
3268.55	11.049971
3268.6	10.079132
3268.65	9.1202188
3268.7	8.1875913
3268.75	7.2983774
3268.8	6.4015681
3268.85	5.4782136
3268.9	4.4677692
3268.95	3.3231286
3269	1.9991687
3269.05	0.51403936
3269.1	-1.1061681
3269.15	-2.7575762
3269.2	-4.3384256
3269.25	-5.7010713
3269.3	-6.731985
3269.35	-7.33289
3269.4	-7.4773847
3269.45	-7.1577236
3269.5	-6.4268334
3269.55	-5.3623216
3269.6	-4.0723173
3269.65	-2.6574209
3269.7	-1.2400447
3269.75	0.11927083
3269.8	1.3601172
3269.85	2.4810416
3269.9	3.4836119
3269.95	4.408951
3270	5.2552654
3270.05	6.0339288
3270.1	6.6971595
3270.15	7.2260712
3270.2	7.5549514
3270.25	7.6667016
3270.3	7.525799
3270.35	7.1603207
3270.4	6.5999515
3270.45	5.9067689
3270.5	5.1180258
3270.55	4.2908434
3270.6	3.4635304
3270.65	2.6456609
3270.7	1.8075075
3270.75	0.92468105
3270.8	-0.062166151
3270.85	-1.2023848
3270.9	-2.5599573
3270.95	-4.1385889
3271	-5.9446995
3271.05	-7.9126012
3271.1	-9.9656878
3271.15	-11.978259
3271.2	-13.826082
3271.25	-15.319378
3271.3	-16.33153
3271.35	-16.737191
3271.4	-16.457777
3271.45	-15.475354
3271.5	-13.836176
3271.55	-11.634708
3271.6	-9.0295933
3271.65	-6.1735285
3271.7	-3.2619761
3271.75	-0.43100011
3271.8	2.1582719
3271.85	4.3930469
3271.9	6.1841502
3271.95	7.4861995
3272	8.2677534
3272.05	8.5743739
3272.1	8.4729658
3272.15	8.0705497
3272.2	7.4560494
3272.25	6.7200786
3272.3	5.9251114
3272.35	5.1411946
3272.4	4.3751965
3272.45	3.6368082
3272.5	2.900566
3272.55	2.1597021
3272.6	1.3798199
3272.65	0.54857423
3272.7	-0.35657701
3272.75	-1.322099
3272.8	-2.3359868
3272.85	-3.3353388
3272.9	-4.3037553
3272.95	-5.1752525
3273	-5.9039895
3273.05	-6.4177447
3273.1	-6.7005552
3273.15	-6.6941541
3273.2	-6.3833544
3273.25	-5.744885
3273.3	-4.7928223
3273.35	-3.5151045
3273.4	-1.9423533
3273.45	-0.091057532
3273.5	1.9543346
3273.55	4.122893
3273.6	6.2708598
3273.65	8.26025
3273.7	9.9349273
3273.75	11.150856
3273.8	11.767796
3273.85	11.715649
3273.9	10.972627
3273.95	9.5903626
3274	7.6955788
3274.05	5.4803477
3274.1	3.1636325
3274.15	1.0008131
3274.2	-0.77663983
3274.25	-1.9897422
3274.3	-2.5682915
3274.35	-2.4906547
3274.4	-1.8721503
3274.45	-0.86227713
3274.5	0.31049091
3274.55	1.4327245
3274.6	2.2991258
3274.65	2.7808549
3274.7	2.803051
3274.75	2.3931251
3274.8	1.6386149
3274.85	0.69906661
3274.9	-0.25145899
3274.95	-1.0215103
3275	-1.4764986
3275.05	-1.5212927
3275.1	-1.1411773
3275.15	-0.35188669
3275.2	0.75575751
3275.25	2.0917169
3275.3	3.5214155
3275.35	4.9581696
3275.4	6.2843723
3275.45	7.4243836
3275.5	8.3004961
3275.55	8.8796761
3275.6	9.1033652
3275.65	8.9529819
3275.7	8.4324568
3275.75	7.5880493
3275.8	6.505708
3275.85	5.3151896
3275.9	4.1441296
3275.95	3.1266488
3276	2.3677012
3276.05	1.9529867
3276.1	1.8605932
3276.15	2.0471461
3276.2	2.3686835
3276.25	2.680982
3276.3	2.7899536
3276.35	2.5665634
3276.4	1.9015
3276.45	0.80578491
3276.5	-0.66413707
3276.55	-2.3392264
3276.6	-4.045952
3276.65	-5.569624
3276.7	-6.7416613
3276.75	-7.4180516
3276.8	-7.5344416
3276.85	-7.0523678
3276.9	-6.0057505
3276.95	-4.4384068
3277	-2.4399452
3277.05	-0.10047547
3277.1	2.447404
3277.15	5.0809971
3277.2	7.6194363
3277.25	9.8905866
3277.3	11.700399
3277.35	12.890258
3277.4	13.333521
3277.45	12.994796
3277.5	11.882983
3277.55	10.142412
3277.6	7.9627145
3277.65	5.6104181
3277.7	3.3508967
3277.75	1.4670215
3277.8	0.13074516
3277.85	-0.55618275
3277.9	-0.63764678
3277.95	-0.25227755
3278	0.36078207
3278.05	0.94943463
3278.1	1.2337486
3278.15	1.0507359
3278.2	0.29540493
3278.25	-0.97189767
3278.3	-2.6135472
3278.35	-4.3854799
3278.4	-6.0437984
3278.45	-7.3179191
3278.5	-8.0082945
3278.55	-7.9648537
3278.6	-7.1476818
3278.65	-5.5781729
3278.7	-3.388096
3278.75	-0.7392241
3278.8	2.133888
3278.85	5.0014621
3278.9	7.6076055
3278.95	9.7635654
3279	11.296609
3279.05	12.126909
3279.1	12.206609
3279.15	11.578086
3279.2	10.330202
3279.25	8.6026309
3279.3	6.5702097
3279.35	4.4328756
3279.4	2.3590513
3279.45	0.53079201
3279.5	-0.92684117
3279.55	-1.8868275
3279.6	-2.3075042
3279.65	-2.2052557
3279.7	-1.6571034
3279.75	-0.78589769
3279.8	0.22349572
3279.85	1.1748308
3279.9	1.8882381
3279.95	2.224614
3280	2.0996801
3280.05	1.5142195
3280.1	0.54029863
3280.15	-0.66745404
3280.2	-1.9420695
3280.25	-3.0947443
3280.3	-3.9632311
3280.35	-4.4294145
3280.4	-4.428897
3280.45	-3.9402255
3280.5	-3.0327605
3280.55	-1.7709045
3280.6	-0.27593745
3280.65	1.3516529
3280.7	2.9799113
3280.75	4.5136238
3280.8	5.8374195
3280.85	6.8853405
3280.9	7.5770924
3280.95	7.8918244
3281	7.8138356
3281.05	7.3849196
3281.1	6.6542504
3281.15	5.7283942
3281.2	4.7357517
3281.25	3.8271197
3281.3	3.1142754
3281.35	2.699686
3281.4	2.6272084
3281.45	2.8672999
3281.5	3.3198048
3281.55	3.8425918
3281.6	4.2494218
3281.65	4.3765371
3281.7	4.0664914
3281.75	3.2698138
3281.8	1.9908859
3281.85	0.35664563
3281.9	-1.4709547
3281.95	-3.2652645
3282	-4.8307706
3282.05	-5.9797105
3282.1	-6.6039816
3282.15	-6.6509112
3282.2	-6.1499455
3282.25	-5.1575662
3282.3	-3.8066518
3282.35	-2.2186818
3282.4	-0.51910308
3282.45	1.1894102
3282.5	2.8095567
3282.55	4.2800544
3282.6	5.5550323
3282.65	6.6134827
3282.7	7.4265514
3282.75	7.9989715
3282.8	8.3347545
3282.85	8.4657793
3282.9	8.4041839
3282.95	8.1848283
3283	7.8100725
3283.05	7.3073779
3283.1	6.6858626
3283.15	5.9693584
3283.2	5.1446316
3283.25	4.2421716
3283.3	3.2697983
3283.35	2.2545263
3283.4	1.2090751
3283.45	0.19636969
3283.5	-0.75685897
3283.55	-1.5867517
3283.6	-2.2340347
3283.65	-2.6418247
3283.7	-2.7835039
3283.75	-2.634831
3283.8	-2.2167063
3283.85	-1.5473965
3283.9	-0.67179875
3283.95	0.36181572
3284	1.4881453
3284.05	2.6572371
3284.1	3.8035858
3284.15	4.9025997
3284.2	5.9140113
3284.25	6.8096673
3284.3	7.5492279
3284.35	8.1063533
3284.4	8.4436929
3284.45	8.546317
3284.5	8.3878656
3284.55	7.9872584
3284.6	7.3467045
3284.65	6.53692
3284.7	5.6071006
3284.75	4.6394254
3284.8	3.6794309
3284.85	2.8126263
3284.9	2.0626646
3284.95	1.4628947
3285	0.99383673
3285.05	0.63542663
3285.1	0.32240272
3285.15	0.012521606
3285.2	-0.35887397
3285.25	-0.81020425
3285.3	-1.3578663
3285.35	-1.9693165
3285.4	-2.6045303
3285.45	-3.1736672
3285.5	-3.619931
3285.55	-3.8756101
3285.6	-3.9253424
3285.65	-3.7617617
3285.7	-3.4344913
3285.75	-2.9821092
3285.8	-2.4884341
3285.85	-2.0203762
3285.9	-1.6392021
3285.95	-1.3435206
3286	-1.1469863
3286.05	-1.0073279
3286.1	-0.90394435
3286.15	-0.77734378
3286.2	-0.6041151
3286.25	-0.35803086
3286.3	-0.038023758
3286.35	0.36426548
3286.4	0.81067669
3286.45	1.2770429
3286.5	1.7096433
3286.55	2.0761453
3286.6	2.3177338
3286.65	2.4139355
3286.7	2.3175837
3286.75	2.010146
3286.8	1.4556836
3286.85	0.66488691
3286.9	-0.35455154
3286.95	-1.5546507
3287	-2.8779866
3287.05	-4.2241784
3287.1	-5.5012596
3287.15	-6.5932626
3287.2	-7.4379203
3287.25	-7.9790357
3287.3	-8.2539367
3287.35	-8.3032838
3287.4	-8.2068934
3287.45	-8.0257679
3287.5	-7.8327807
3287.55	-7.6506661
3287.6	-7.4699817
3287.65	-7.2389216
3287.7	-6.9051682
3287.75	-6.3887555
3287.8	-5.6628684
3287.85	-4.7115352
3287.9	-3.5688618
3287.95	-2.279249
3288	-0.93862428
3288.05	0.37623549
3288.1	1.5425078
3288.15	2.4823154
3288.2	3.109667
3288.25	3.3814111
3288.3	3.2724127
3288.35	2.8038573
3288.4	1.999015
3288.45	0.91898799
3288.5	-0.37283262
3288.55	-1.8018232
3288.6	-3.3075379
3288.65	-4.8238711
3288.7	-6.2912842
3288.75	-7.6297706
3288.8	-8.7825095
3288.85	-9.6681473
3288.9	-10.246864
3288.95	-10.467676
3289	-10.33655
3289.05	-9.8612364
3289.1	-9.1306777
3289.15	-8.2173236
3289.2	-7.2347693
3289.25	-6.2769517
3289.3	-5.4397092
3289.35	-4.7643607
3289.4	-4.2990668
3289.45	-4.0091147
3289.5	-3.8562354
3289.55	-3.7706249
3289.6	-3.6965647
3289.65	-3.5547467
3289.7	-3.3024969
3289.75	-2.8879939
3289.8	-2.3151968
3289.85	-1.5839832
3289.9	-0.73814861
3289.95	0.17238691
3290	1.0444239
3290.05	1.7953433
3290.1	2.321727
3290.15	2.5429399
3290.2	2.3926308
3290.25	1.8688333
3290.3	1.0050873
3290.35	-0.11266422
3290.4	-1.3775944
3290.45	-2.6593895
3290.5	-3.8334863
3290.55	-4.7652857
3290.6	-5.3794981
3290.65	-5.6103704
3290.7	-5.4748375
3290.75	-4.9991639
3290.8	-4.2868871
3290.85	-3.4307883
3290.9	-2.5688127
3290.95	-1.814509
3291	-1.2731785
3291.05	-0.99479722
3291.1	-1.0166026
3291.15	-1.2921162
3291.2	-1.7538986
3291.25	-2.2874655
3291.3	-2.7927181
3291.35	-3.1321082
3291.4	-3.237877
3291.45	-3.0401584
3291.5	-2.5223369
3291.55	-1.686194
3291.6	-0.5904434
3291.65	0.69361367
3291.7	2.0769847
3291.75	3.4694732
3291.8	4.75212
3291.85	5.8281093
3291.9	6.6000306
3291.95	7.0213899
3292	7.0666501
3292.05	6.7681929
3292.1	6.1546644
3292.15	5.31124
3292.2	4.3033687
3292.25	3.2266186
3292.3	2.1341063
3292.35	1.088455
3292.4	0.12642728
3292.45	-0.70910989
3292.5	-1.4128705
3292.55	-1.9387362
3292.6	-2.2927729
3292.65	-2.4641626
3292.7	-2.5012827
3292.75	-2.4201502
3292.8	-2.2631016
3292.85	-2.0431393
3292.9	-1.7983925
3292.95	-1.5260517
3293	-1.2378146
3293.05	-0.91604851
3293.1	-0.56258704
3293.15	-0.16497403
3293.2	0.28829441
3293.25	0.80876946
3293.3	1.388533
3293.35	2.0349137
3293.4	2.6958279
3293.45	3.3312323
3293.5	3.8670321
3293.55	4.2533149
3293.6	4.4092461
3293.65	4.2768984
3293.7	3.7861815
3293.75	2.924602
3293.8	1.6889047
3293.85	0.14358512
3293.9	-1.659233
3293.95	-3.5873557
3294	-5.5324589
3294.05	-7.3747137
3294.1	-9.0217102
3294.15	-10.389073
3294.2	-11.459407
3294.25	-12.202242
3294.3	-12.650365
3294.35	-12.829589
3294.4	-12.795541
3294.45	-12.600443
3294.5	-12.29902
3294.55	-11.936336
3294.6	-11.554016
3294.65	-11.148369
3294.7	-10.709569
3294.75	-10.219111
3294.8	-9.6378316
3294.85	-8.9169714
3294.9	-8.0333687
3294.95	-6.9943831
3295	-5.8267842
3295.05	-4.5717645
3295.1	-3.3078589
3295.15	-2.0969703
3295.2	-1.0110183
3295.25	-0.091600053
3295.3	0.6343716
3295.35	1.1842997
3295.4	1.575497
3295.45	1.8488069
3295.5	2.0143389
3295.55	2.0935851
3295.6	2.0881157
3295.65	2.0150196
3295.7	1.8512111
3295.75	1.6036708
3295.8	1.2651689
3295.85	0.85932164
3295.9	0.40241382
3295.95	-0.075769639
3296	-0.57538061
3296.05	-1.059645
3296.1	-1.5327753
3296.15	-1.9792297
3296.2	-2.4093935
3296.25	-2.8149401
3296.3	-3.1967677
3296.35	-3.5480855
3296.4	-3.879204
3296.45	-4.1651133
3296.5	-4.4261594
3296.55	-4.643158
3296.6	-4.8124158
3296.65	-4.9019322
3296.7	-4.9098976
3296.75	-4.8023362
3296.8	-4.5680656
3296.85	-4.1737722
3296.9	-3.6225218
3296.95	-2.8943541
3297	-2.0257937
3297.05	-1.0280642
3297.1	0.058499883
3297.15	1.1943961
3297.2	2.2984914
3297.25	3.3038275
3297.3	4.1191863
3297.35	4.690998
3297.4	4.9533461
3297.45	4.8794378
3297.5	4.472199
3297.55	3.7690555
3297.6	2.8274208
3297.65	1.7351677
3297.7	0.56501947
3297.75	-0.58705094
3297.8	-1.6619002
3297.85	-2.5895435
3297.9	-3.3398394
3297.95	-3.885441
3298	-4.2590271
3298.05	-4.4590594
3298.1	-4.539025
3298.15	-4.5215625
3298.2	-4.4300239
3298.25	-4.2713659
3298.3	-4.0619534
3298.35	-3.783498
3298.4	-3.4511126
3298.45	-3.0430543
3298.5	-2.5672656
3298.55	-2.0180724
3298.6	-1.4095753
3298.65	-0.7577944
3298.7	-0.11799711
3298.75	0.47227346
3298.8	0.97523596
3298.85	1.377713
3298.9	1.6552775
3298.95	1.8231711
3299	1.867439
3299.05	1.8120946
3299.1	1.6529169
3299.15	1.3874174
3299.2	0.98923508
3299.25	0.45409061
3299.3	-0.22495234
3299.35	-1.0343175
3299.4	-1.961211
3299.45	-2.9537849
3299.5	-3.9521451
3299.55	-4.8828976
3299.6	-5.6876188
3299.65	-6.2749049
3299.7	-6.6154859
3299.75	-6.661009
3299.8	-6.4052958
3299.85	-5.8591708
3299.9	-5.0923264
3299.95	-4.1496208
3300	-3.117285
3300.05	-2.0441275
3300.1	-1.0118018
3300.15	-0.049687723
3300.2	0.80406549
3300.25	1.5482737
3300.3	2.1733388
3300.35	2.7231449
3300.4	3.2088496
3300.45	3.6881476
3300.5	4.1923448
3300.55	4.7594484
3300.6	5.4103603
3300.65	6.1723093
3300.7	7.0454605
3300.75	8.0376883
3300.8	9.1185962
3300.85	10.286971
3300.9	11.515026
3300.95	12.774056
3301	14.025748
3301.05	15.255452
3301.1	16.428734
3301.15	17.535984
3301.2	18.557355
3301.25	19.490649
3301.3	20.310049
3301.35	21.010336
3301.4	21.567811
3301.45	21.973889
3301.5	22.205854
3301.55	22.283779
3301.6	22.206163
3301.65	22.013745
3301.7	21.732728
3301.75	21.4184
3301.8	21.109276
3301.85	20.836269
3301.9	20.596981
3301.95	20.40222
3302	20.230237
3302.05	20.068768
3302.1	19.85775
3302.15	19.589952
3302.2	19.243752
3302.25	18.820751
3302.3	18.302042
3302.35	17.690758
3302.4	16.95691
3302.45	16.11516
3302.5	15.158179
3302.55	14.122127
3302.6	13.029227
3302.65	11.93515
3302.7	10.852406
3302.75	9.8176856
3302.8	8.8065086
3302.85	7.8140975
3302.9	6.7672425
3302.95	5.6177678
3303	4.2883768
3303.05	2.7355297
3303.1	0.91795934
3303.15	-1.1498285
3303.2	-3.4462753
3303.25	-5.8951223
3303.3	-8.4085969
3303.35	-10.867343
3303.4	-13.178293
3303.45	-15.230233
3303.5	-16.965235
3303.55	-18.32761
3303.6	-19.325312
3303.65	-19.9699
3303.7	-20.320227
3303.75	-20.427772
3303.8	-20.359903
3303.85	-20.176409
3303.9	-19.930115
3303.95	-19.644908
3304	-19.35113
3304.05	-19.071379
3304.1	-18.835639
3304.15	-18.641798
3304.2	-18.503486
3304.25	-18.413194
3304.3	-18.350263
3304.35	-18.287966
3304.4	-18.205247
3304.45	-18.080186
3304.5	-17.8994
3304.55	-17.643192
3304.6	-17.329287
3304.65	-16.97341
3304.7	-16.612518
3304.75	-16.270544
3304.8	-15.982247
3304.85	-15.770524
3304.9	-15.672396
3304.95	-15.677444
3305	-15.787295
3305.05	-15.954814
3305.1	-16.13241
3305.15	-16.263345
3305.2	-16.294286
3305.25	-16.16608
3305.3	-15.860577
3305.35	-15.357714
3305.4	-14.680507
3305.45	-13.855397
3305.5	-12.977868
3305.55	-12.107849
3305.6	-11.346444
3305.65	-10.768446
3305.7	-10.453971
3305.75	-10.429049
3305.8	-10.719513
3305.85	-11.289135
3305.9	-12.090393
3305.95	-13.028698
3306	-14.032792
3306.05	-15.005155
3306.1	-15.868248
3306.15	-16.553479
3306.2	-17.033334
3306.25	-17.312832
3306.3	-17.43254
3306.35	-17.438901
3306.4	-17.422757
3306.45	-17.469445
3306.5	-17.680257
3306.55	-18.104691
3306.6	-18.808209
3306.65	-19.779413
3306.7	-20.993034
3306.75	-22.367611
3306.8	-23.816668
3306.85	-25.209856
3306.9	-26.437591
3306.95	-27.363317
3307	-27.912158
3307.05	-28.014718
3307.1	-27.679374
3307.15	-26.928176
3307.2	-25.848837
3307.25	-24.528423
3307.3	-23.085906
3307.35	-21.611405
3307.4	-20.208185
3307.45	-18.914488
3307.5	-17.777929
3307.55	-16.772444
3307.6	-15.86314
3307.65	-14.988744
3307.7	-14.096728
3307.75	-13.12188
3307.8	-12.031073
3307.85	-10.801528
3307.9	-9.4663428
3307.95	-8.0511336
3308	-6.6189179
3308.05	-5.2259065
3308.1	-3.9546603
3308.15	-2.8645678
3308.2	-2.0342284
3308.25	-1.5031699
3308.3	-1.3156211
3308.35	-1.4723927
3308.4	-1.9641814
3308.45	-2.7351373
3308.5	-3.7302169
3308.55	-4.8447192
3308.6	-6.0064554
3308.65	-7.1097885
3308.7	-8.0728831
3308.75	-8.8132595
3308.8	-9.2900187
3308.85	-9.4539472
3308.9	-9.3169646
3308.95	-8.8760291
3309	-8.1938497
3309.05	-7.330709
3309.1	-6.3710752
3309.15	-5.3724094
3309.2	-4.4200493
3309.25	-3.5649473
3309.3	-2.8653831
3309.35	-2.3215665
3309.4	-1.9472601
3309.45	-1.7212186
3309.5	-1.629609
3309.55	-1.6271334
3309.6	-1.6831817
3309.65	-1.7560427
3309.7	-1.8259892
3309.75	-1.8697692
3309.8	-1.8857401
3309.85	-1.8704136
3309.9	-1.8472694
3309.95	-1.8295154
3310	-1.8741439
3310.05	-2.0001852
3310.1	-2.2485677
3310.15	-2.6205759
3310.2	-3.0950976
3310.25	-3.6448097
3310.3	-4.2345264
3310.35	-4.8049815
3310.4	-5.3202678
3310.45	-5.7054679
3310.5	-5.9440442
3310.55	-6.0088783
3310.6	-5.9021159
3310.65	-5.640124
3310.7	-5.2627415
3310.75	-4.796625
3310.8	-4.2914865
3310.85	-3.772488
3310.9	-3.285948
3310.95	-2.8306928
3311	-2.4338415
3311.05	-2.0813463
3311.1	-1.7747658
3311.15	-1.5006097
3311.2	-1.2608183
3311.25	-1.0589993
3311.3	-0.92221269
3311.35	-0.86345676
3311.4	-0.90989207
3311.45	-1.0712708
3311.5	-1.368583
3311.55	-1.7871374
3311.6	-2.3149249
3311.65	-2.9087161
3311.7	-3.5412087
3311.75	-4.1611356
3311.8	-4.7501219
3311.85	-5.2735092
3311.9	-5.7311683
3311.95	-6.0865684
3312	-6.3506758
3312.05	-6.5030395
3312.1	-6.5631647
3312.15	-6.5257003
3312.2	-6.4009765
3312.25	-6.1887023
3312.3	-5.8868317
3312.35	-5.4933624
3312.4	-5.0124849
3312.45	-4.4274754
3312.5	-3.7546835
3312.55	-2.9777095
3312.6	-2.1091058
3312.65	-1.1443328
3312.7	-0.11375199
3312.75	0.97574028
3312.8	2.0683472
3312.85	3.1317166
3312.9	4.0977643
3312.95	4.9312314
3313	5.5741278
3313.05	6.0000188
3313.1	6.1792529
3313.15	6.1140436
3313.2	5.8088783
3313.25	5.3062955
3313.3	4.648962
3313.35	3.9081963
3313.4	3.1291049
3313.45	2.3920496
3313.5	1.7456916
3313.55	1.2516704
3313.6	0.8924104
3313.65	0.67717252
3313.7	0.57867616
3313.75	0.58743698
3313.8	0.6404703
3313.85	0.70416394
3313.9	0.73704715
3313.95	0.73725088
3314	0.67313886
3314.05	0.5540731
3314.1	0.38759841
3314.15	0.21977583
3314.2	0.057671778
3314.25	-0.064210722
3314.3	-0.12437048
3314.35	-0.099114849
3314.4	0.0030304514
3314.45	0.20633333
3314.5	0.49976784
3314.55	0.89097201
3314.6	1.3589463
3314.65	1.8954832
3314.7	2.4469183
3314.75	2.9761314
3314.8	3.4314103
3314.85	3.7644857
3314.9	3.9158203
3314.95	3.8678615
3315	3.5967258
3315.05	3.1036074
3315.1	2.4034375
3315.15	1.5488767
3315.2	0.59124235
3315.25	-0.39544568
3315.3	-1.3638895
3315.35	-2.247399
3315.4	-3.0187687
3315.45	-3.6517647
3315.5	-4.1493784
3315.55	-4.5091768
3315.6	-4.7419573
3315.65	-4.8420084
3315.7	-4.8192476
3315.75	-4.6672604
3315.8	-4.3850092
3315.85	-3.9520901
3315.9	-3.3750069
3315.95	-2.6540129
3316	-1.8262152
3316.05	-0.90007986
3316.1	0.08105928
3316.15	1.062997
3316.2	1.9740882
3316.25	2.7528735
3316.3	3.352266
3316.35	3.7420263
3316.4	3.8889325
3316.45	3.8103766
3316.5	3.5182241
3316.55	3.0580325
3316.6	2.4615568
3316.65	1.8167554
3316.7	1.1559926
3316.75	0.54238412
3316.8	0.016467954
3316.85	-0.39358619
3316.9	-0.6760848
3316.95	-0.80251528
3317	-0.78952662
3317.05	-0.63445032
3317.1	-0.35179665
3317.15	0.036822253
3317.2	0.4962676
3317.25	1.0007008
3317.3	1.4889043
3317.35	1.9263714
3317.4	2.2498951
3317.45	2.4320988
3317.5	2.4278669
3317.55	2.2373225
3317.6	1.8620397
3317.65	1.339385
3317.7	0.70585653
3317.75	0.038521211
3317.8	-0.60761943
3317.85	-1.1532746
3317.9	-1.5566398
3317.95	-1.7810128
3318	-1.8085508
3318.05	-1.6409579
3318.1	-1.3128743
3318.15	-0.84070364
3318.2	-0.27531398
3318.25	0.35360243
3318.3	0.99609322
3318.35	1.6553385
3318.4	2.2815946
3318.45	2.866243
3318.5	3.3794893
3318.55	3.8214117
3318.6	4.1625371
3318.65	4.4217591
3318.7	4.601489
3318.75	4.725733
3318.8	4.8189115
3318.85	4.930512
3318.9	5.0870994
3318.95	5.3324151
3319	5.6483372
3319.05	6.0366005
3319.1	6.4485128
3319.15	6.8336619
3319.2	7.1171714
3319.25	7.2587324
3319.3	7.1883908
3319.35	6.8971204
3319.4	6.3774012
3319.45	5.6888403
3319.5	4.8799766
3319.55	4.0441921
3319.6	3.2578151
3319.65	2.5893438
3319.7	2.1007342
3319.75	1.8361233
3319.8	1.7948877
3319.85	1.9737526
3319.9	2.3362327
3319.95	2.8524413
3320	3.4683204
3320.05	4.1417662
3320.1	4.8084876
3320.15	5.4413176
3320.2	5.9958992
3320.25	6.4367892
3320.3	6.7495512
3320.35	6.9322274
3320.4	6.9842316
3320.45	6.9255038
3320.5	6.7569709
3320.55	6.5354279
3320.6	6.2690112
3320.65	5.9978883
3320.7	5.7391605
3320.75	5.5096893
3320.8	5.3129826
3320.85	5.1758855
3320.9	5.0824555
3320.95	5.0315018
3321	5.0024871
3321.05	5.0031893
3321.1	4.9893639
3321.15	4.9499168
3321.2	4.8580839
3321.25	4.7046852
3321.3	4.4704909
3321.35	4.1684257
3321.4	3.8017791
3321.45	3.4115608
3321.5	3.0168855
3321.55	2.669344
3321.6	2.3716612
3321.65	2.1715534
3321.7	2.0719115
3321.75	2.0870175
3321.8	2.2031274
3321.85	2.4088541
3321.9	2.665892
3321.95	2.9450522
3322	3.1842201
3322.05	3.3596494
3322.1	3.4448906
3322.15	3.4349365
3322.2	3.3184305
3322.25	3.127265
3322.3	2.884083
3322.35	2.6330156
3322.4	2.4117918
3322.45	2.2669861
3322.5	2.2232529
3322.55	2.3047574
3322.6	2.4963732
3322.65	2.7971838
3322.7	3.1446643
3322.75	3.5034701
3322.8	3.7960414
3322.85	3.9714102
3322.9	3.9816094
3322.95	3.8031501
3323	3.4195635
3323.05	2.8556314
3323.1	2.1576602
3323.15	1.3965221
3323.2	0.63793323
3323.25	-0.038032399
3323.3	-0.57071803
3323.35	-0.91372245
3323.4	-1.0419074
3323.45	-0.92837596
3323.5	-0.58226466
3323.55	-0.029560347
3323.6	0.67334895
3323.65	1.4796159
3323.7	2.3121194
3323.75	3.1317907
3323.8	3.8879184
3323.85	4.5569568
3323.9	5.1137439
3323.95	5.5550519
3324	5.8787666
3324.05	6.1188635
3324.1	6.2690439
3324.15	6.3653698
3324.2	6.4024026
3324.25	6.4032412
3324.3	6.3512179
3324.35	6.2598102
3324.4	6.1070891
3324.45	5.8905083
3324.5	5.5680369
3324.55	5.1555871
3324.6	4.6241534
3324.65	3.9975417
3324.7	3.2698824
3324.75	2.4700298
3324.8	1.6088877
3324.85	0.74075429
3324.9	-0.11233907
3324.95	-0.8988884
3325	-1.5850619
3325.05	-2.1151568
3325.1	-2.4713399
3325.15	-2.6247778
3325.2	-2.5789396
3325.25	-2.3277139
3325.3	-1.8920721
3325.35	-1.3005651
3325.4	-0.61116423
3325.45	0.1275628
3325.5	0.8408332
3325.55	1.4833604
3325.6	2.0000719
3325.65	2.3597012
3325.7	2.5457712
3325.75	2.5766939
3325.8	2.4716505
3325.85	2.29336
3325.9	2.0767274
3325.95	1.8791075
3326	1.7335351
3326.05	1.6826037
3326.1	1.732712
3326.15	1.8981053
3326.2	2.1441559
3326.25	2.4399105
3326.3	2.7527735
3326.35	3.042368
3326.4	3.2621139
3326.45	3.3917204
3326.5	3.3954239
3326.55	3.2887029
3326.6	3.0657242
3326.65	2.7633992
3326.7	2.4123261
3326.75	2.0672767
3326.8	1.7528739
3326.85	1.5147975
3326.9	1.3662296
3326.95	1.3182458
3327	1.3550349
3327.05	1.4754345
3327.1	1.6534235
3327.15	1.8796091
3327.2	2.1137015
3327.25	2.3545998
3327.3	2.5865171
3327.35	2.8146013
3327.4	3.0124653
3327.45	3.21578
3327.5	3.4023384
3327.55	3.5883347
3327.6	3.7719495
3327.65	3.9691105
3327.7	4.1612669
3327.75	4.3564802
3327.8	4.536778
3327.85	4.7073482
3327.9	4.8494609
3327.95	4.9559413
3328	5.00176
3328.05	4.9850828
3328.1	4.8765037
3328.15	4.6853227
3328.2	4.3995703
3328.25	4.0363171
3328.3	3.5905007
3328.35	3.0799557
3328.4	2.5203778
3328.45	1.9583878
3328.5	1.3721859
3328.55	0.81265623
3328.6	0.28535579
3328.65	-0.1870673
3328.7	-0.59748025
3328.75	-0.91820177
3328.8	-1.1454256
3328.85	-1.2631394
3328.9	-1.2770102
3328.95	-1.1642114
3329	-0.94010723
3329.05	-0.61310694
3329.1	-0.20553438
3329.15	0.27118477
3329.2	0.76068522
3329.25	1.2532198
3329.3	1.6911862
3329.35	2.0566877
3329.4	2.3204983
3329.45	2.4761116
3329.5	2.5201045
3329.55	2.4551511
3329.6	2.2878438
3329.65	2.0482948
3329.7	1.7453728
3329.75	1.4169455
3329.8	1.0501593
3329.85	0.66620524
3329.9	0.26319158
3329.95	-0.14248239
3330	-0.557125
3330.05	-0.95033463
3330.1	-1.3301404
3330.15	-1.6706328
3330.2	-1.966437
3330.25	-2.1875239
3330.3	-2.341205
3330.35	-2.4090915
3330.4	-2.3973561
3330.45	-2.2928207
3330.5	-2.1315693
3330.55	-1.9095428
3330.6	-1.6615641
3330.65	-1.3899573
3330.7	-1.1282973
3330.75	-0.86936037
3330.8	-0.63690781
3330.85	-0.42956309
3330.9	-0.25118205
3330.95	-0.091691913
3331	0.029623509
3331.05	0.13641366
3331.1	0.21091542
3331.15	0.26132027
3331.2	0.28184237
3331.25	0.27617296
3331.3	0.23591684
3331.35	0.1530549
3331.4	0.020377012
3331.45	-0.14848377
3331.5	-0.35158701
3331.55	-0.57316642
3331.6	-0.82422338
3331.65	-1.0730393
3331.7	-1.3145583
3331.75	-1.5214915
3331.8	-1.7046129
3331.85	-1.8666032
3331.9	-2.0207268
3331.95	-2.1804039
3332	-2.3713397
3332.05	-2.5924357
3332.1	-2.8735369
3332.15	-3.2036222
3332.2	-3.5906831
3332.25	-4.0163549
3332.3	-4.4739162
3332.35	-4.9177953
3332.4	-5.3265953
3332.45	-5.6615501
3332.5	-5.9099277
3332.55	-6.0530753
3332.6	-6.0955957
3332.65	-6.042239
3332.7	-5.9065989
3332.75	-5.7102151
3332.8	-5.4806447
3332.85	-5.2290539
3332.9	-5.0020002
3332.95	-4.8013312
3333	-4.6478124
3333.05	-4.5215866
3333.1	-4.442384
3333.15	-4.4020124
3333.2	-4.398514
3333.25	-4.4148014
3333.3	-4.4527329
3333.35	-4.4770999
3333.4	-4.4853996
3333.45	-4.4733
3333.5	-4.4370953
3333.55	-4.3659864
3333.6	-4.280089
3333.65	-4.186936
3333.7	-4.1093201
3333.75	-4.0511885
3333.8	-4.0234345
3333.85	-4.0211316
3333.9	-4.0427919
3333.95	-4.0661722
3334	-4.0793637
3334.05	-4.0513568
3334.1	-3.9605248
3334.15	-3.7795221
3334.2	-3.4851677
3334.25	-3.0747165
3334.3	-2.558914
3334.35	-1.9275065
3334.4	-1.1845389
3334.45	-0.34641874
3334.5	0.53891163
3334.55	1.4751821
3334.6	2.4232006
3334.65	3.3549431
3334.7	4.2312821
3334.75	5.0208992
3334.8	5.68034
3334.85	6.2045413
3334.9	6.5619628
3334.95	6.7631451
3335	6.8169197
3335.05	6.753418
3335.1	6.5914826
3335.15	6.4006859
3335.2	6.2108128
3335.25	6.0733677
3335.3	6.0019301
3335.35	6.0324072
3335.4	6.1467385
3335.45	6.3547204
3335.5	6.6262139
3335.55	6.9366858
3335.6	7.2451699
3335.65	7.5348681
3335.7	7.766323
3335.75	7.9378409
3335.8	8.0446947
3335.85	8.1061341
3335.9	8.1265598
3335.95	8.1445612
3336	8.1827537
3336.05	8.2706652
3336.1	8.4109329
3336.15	8.6254364
3336.2	8.901688
3336.25	9.2365733
3336.3	9.5966005
3336.35	9.9806637
3336.4	10.346288
3336.45	10.679905
3336.5	10.944116
3336.55	11.148923
3336.6	11.270157
3336.65	11.318057
3336.7	11.282519
3336.75	11.179024
3336.8	11.015148
3336.85	10.816347
3336.9	10.58946
3336.95	10.364931
3337	10.155894
3337.05	9.9839388
3337.1	9.846494
3337.15	9.7508241
3337.2	9.6969616
3337.25	9.6713779
3337.3	9.6475661
3337.35	9.6173824
3337.4	9.5448238
3337.45	9.415029
3337.5	9.1995032
3337.55	8.9200729
3337.6	8.5653736
3337.65	8.1643661
3337.7	7.7343804
3337.75	7.3135251
3337.8	6.913929
3337.85	6.573213
3337.9	6.2893247
3337.95	6.0831646
3338	5.9375809
3338.05	5.851534
3338.1	5.8117051
3338.15	5.8094598
3338.2	5.8274681
3338.25	5.8550506
3338.3	5.8614593
3338.35	5.8370023
3338.4	5.7640359
3338.45	5.6406722
3338.5	5.4473384
3338.55	5.1966952
3338.6	4.8943144
3338.65	4.5632548
3338.7	4.2068027
3338.75	3.8458143
3338.8	3.4848615
3338.85	3.1370446
3338.9	2.799322
3338.95	2.4828136
3339	2.1769139
3339.05	1.8813519
3339.1	1.5844119
3339.15	1.2877617
3339.2	0.99053723
3339.25	0.69868752
3339.3	0.4164621
3339.35	0.16614807
3339.4	-0.04582394
3339.45	-0.20213395
3339.5	-0.30337413
3339.55	-0.3331651
3339.6	-0.2959495
3339.65	-0.19558331
3339.7	-0.047400614
3339.75	0.13769528
3339.8	0.33852804
3339.85	0.54251365
3339.9	0.73252682
3339.95	0.89784315
3340	1.0275562
3340.05	1.1204472
3340.1	1.1725109
3340.15	1.1933199
3340.2	1.1800258
3340.25	1.1455985
3340.3	1.0940715
3340.35	1.0348541
3340.4	0.9699964
3340.45	0.90670953
3340.5	0.84542203
3340.55	0.78806079
3340.6	0.73042222
3340.65	0.67616103
3340.7	0.62219248
3340.75	0.56888201
3340.8	0.51485974
3340.85	0.46257238
3340.9	0.4110823
3340.95	0.36246341
3341	0.31612945
3341.05	0.27344278
3341.1	0.23373129
3341.15	0.19829574
3341.2	0.16620359
3341.25	0.13876616
3341.3	0.11468021
3341.35	0.09396374
3341.4	0.076247559
3341.45	0.061345864
3341.5	0.048362543
3341.55	0.037398521
3341.6	0.028014028
3341.65	0.02013432
3341.7	0.013525798
3341.75	0.008345294
3341.8	0.004444915
3341.85	0.0018279315
3341.9	0.00040523195
3341.95	0
