# Menlo Systems GmbH TERAScan++
# Program Version 1.0.96
# Start: 3242 ps, Average over 67108 waveforms. Timestamp: 2017-10-16T15:54:40
# Window type: Tukey, parameters: alpha = 0.1
# Time [ps]	THz Signal [a.u.]
3242	0
3242.05	-6.2255122e-05
3242.1	-0.00020527623
3242.15	-0.00035043244
3242.2	-0.00048375264
3242.25	-0.00049647459
3242.3	-0.00036178319
3242.35	0.00013037304
3242.4	0.00073948661
3242.45	0.0015118754
3242.5	0.0025324935
3242.55	0.0037420094
3242.6	0.0048383421
3242.65	0.0059749868
3242.7	0.0064394062
3242.75	0.0070272391
3242.8	0.0065219114
3242.85	0.0060856978
3242.9	0.0044145018
3242.95	0.001487835
3243	-0.0026561202
3243.05	-0.0080419206
3243.1	-0.015022272
3243.15	-0.022140616
3243.2	-0.031604788
3243.25	-0.042949162
3243.3	-0.057986606
3243.35	-0.075189042
3243.4	-0.095639041
3243.45	-0.11700147
3243.5	-0.14258662
3243.55	-0.16887917
3243.6	-0.19819661
3243.65	-0.22905846
3243.7	-0.26355535
3243.75	-0.29726127
3243.8	-0.33676911
3243.85	-0.37332759
3243.9	-0.41167707
3243.95	-0.44788871
3244	-0.48679885
3244.05	-0.5231735
3244.1	-0.5581746
3244.15	-0.58985327
3244.2	-0.61997349
3244.25	-0.64413456
3244.3	-0.66631238
3244.35	-0.68303901
3244.4	-0.69796706
3244.45	-0.70572105
3244.5	-0.71556268
3244.55	-0.72100668
3244.6	-0.72370037
3244.65	-0.71664335
3244.7	-0.7106385
3244.75	-0.69454854
3244.8	-0.68000004
3244.85	-0.65997261
3244.9	-0.63947368
3244.95	-0.61210439
3245	-0.58335863
3245.05	-0.54840204
3245.1	-0.51449401
3245.15	-0.47060964
3245.2	-0.42843674
3245.25	-0.3839277
3245.3	-0.34614598
3245.35	-0.30425459
3245.4	-0.27227468
3245.45	-0.24395745
3245.5	-0.22933412
3245.55	-0.21816519
3245.6	-0.22223185
3245.65	-0.22220225
3245.7	-0.23153627
3245.75	-0.24225168
3245.8	-0.2589184
3245.85	-0.2836448
3245.9	-0.31599446
3245.95	-0.34922012
3246	-0.39495573
3246.05	-0.43961967
3246.1	-0.49425633
3246.15	-0.54799317
3246.2	-0.60716072
3246.25	-0.66337137
3246.3	-0.72854768
3246.35	-0.78932183
3246.4	-0.84409441
3246.45	-0.90181225
3246.5	-0.96938888
3246.55	-1.0278638
3246.6	-1.0938116
3246.65	-1.1480459
3246.7	-1.1954055
3246.75	-1.2283247
3246.8	-1.2645803
3246.85	-1.2877402
3246.9	-1.3075216
3246.95	-1.3061004
3247	-1.2991819
3247.05	-1.2813124
3247.1	-1.2748431
3247.15	-1.2559572
3247.2	-1.2426943
3247.25	-1.2272886
3247.3	-1.2063541
3247.35	-1.1826487
3247.4	-1.1696768
3247.45	-1.1449888
3247.5	-1.1305631
3247.55	-1.1044516
3247.6	-1.0862178
3247.65	-1.0565843
3247.7	-1.0330267
3247.75	-1.0043972
3247.8	-0.97640537
3247.85	-0.94437028
3247.9	-0.92027609
3247.95	-0.89072577
3248	-0.86779257
3248.05	-0.84055831
3248.1	-0.81958373
3248.15	-0.79469145
3248.2	-0.77158498
3248.25	-0.74326886
3248.3	-0.7240419
3248.35	-0.70592271
3248.4	-0.69271713
3248.45	-0.67591491
3248.5	-0.67189126
3248.55	-0.66990171
3248.6	-0.67786398
3248.65	-0.68077304
3248.7	-0.68683308
3248.75	-0.68981444
3248.8	-0.69268894
3248.85	-0.69211277
3248.9	-0.70074353
3248.95	-0.69897772
3249	-0.70849207
3249.05	-0.71103687
3249.1	-0.72127927
3249.15	-0.72115149
3249.2	-0.72710011
3249.25	-0.72625154
3249.3	-0.72856033
3249.35	-0.72139796
3249.4	-0.71570082
3249.45	-0.70676582
3249.5	-0.70689406
3249.55	-0.70691271
3249.6	-0.71674948
3249.65	-0.72833613
3249.7	-0.75320522
3249.75	-0.76187327
3249.8	-0.77798836
3249.85	-0.7816996
3249.9	-0.79287926
3249.95	-0.78984742
3250	-0.79586835
3250.05	-0.79457139
3250.1	-0.79860642
3250.15	-0.79625989
3250.2	-0.8031876
3250.25	-0.79605434
3250.3	-0.78390334
3250.35	-0.76477687
3250.4	-0.74398555
3250.45	-0.71625516
3250.5	-0.69284492
3250.55	-0.6642655
3250.6	-0.64510447
3250.65	-0.62674518
3250.7	-0.62249232
3250.75	-0.61267329
3250.8	-0.5999161
3250.85	-0.57472005
3250.9	-0.56791466
3250.95	-0.55481277
3251	-0.54608469
3251.05	-0.53365765
3251.1	-0.53036569
3251.15	-0.5245253
3251.2	-0.52710693
3251.25	-0.53136979
3251.3	-0.54701875
3251.35	-0.55902015
3251.4	-0.57419708
3251.45	-0.59409344
3251.5	-0.63082204
3251.55	-0.66272889
3251.6	-0.70963304
3251.65	-0.75051172
3251.7	-0.78606933
3251.75	-0.81268376
3251.8	-0.85595125
3251.85	-0.89715462
3251.9	-0.95136348
3251.95	-0.99870829
3252	-1.0494014
3252.05	-1.1012338
3252.1	-1.1533144
3252.15	-1.1979038
3252.2	-1.2543596
3252.25	-1.3036399
3252.3	-1.354162
3252.35	-1.3968688
3252.4	-1.4457161
3252.45	-1.4872947
3252.5	-1.5333998
3252.55	-1.5691348
3252.6	-1.6166701
3252.65	-1.6534033
3252.7	-1.692377
3252.75	-1.7257191
3252.8	-1.7619952
3252.85	-1.8040671
3252.9	-1.8602455
3252.95	-1.9156576
3253	-1.9734859
3253.05	-2.0236333
3253.1	-2.0823261
3253.15	-2.1236418
3253.2	-2.1650202
3253.25	-2.1915705
3253.3	-2.2030012
3253.35	-2.1904764
3253.4	-2.1446091
3253.45	-2.0522469
3253.5	-1.9152638
3253.55	-1.707051
3253.6	-1.4375842
3253.65	-1.1026721
3253.7	-0.72493276
3253.75	-0.30809369
3253.8	0.12287001
3253.85	0.55608201
3253.9	0.96613934
3253.95	1.3442616
3254	1.6551859
3254.05	1.8900005
3254.1	2.0318858
3254.15	2.0804666
3254.2	2.0287743
3254.25	1.8992511
3254.3	1.6780468
3254.35	1.3870971
3254.4	1.0386616
3254.45	0.657944
3254.5	0.24773887
3254.55	-0.16273774
3254.6	-0.56811294
3254.65	-0.9415208
3254.7	-1.2935175
3254.75	-1.6080548
3254.8	-1.8917936
3254.85	-2.1355931
3254.9	-2.3433485
3254.95	-2.5031128
3255	-2.629939
3255.05	-2.720348
3255.1	-2.7910744
3255.15	-2.8246961
3255.2	-2.8433328
3255.25	-2.8415443
3255.3	-2.8380245
3255.35	-2.8233741
3255.4	-2.8141399
3255.45	-2.8012586
3255.5	-2.7951553
3255.55	-2.7792049
3255.6	-2.7648128
3255.65	-2.7494972
3255.7	-2.7452262
3255.75	-2.7270711
3255.8	-2.7191697
3255.85	-2.7053539
3255.9	-2.6968486
3255.95	-2.678131
3256	-2.6688431
3256.05	-2.6583474
3256.1	-2.6483678
3256.15	-2.6411436
3256.2	-2.6431113
3256.25	-2.6450086
3256.3	-2.6535493
3256.35	-2.6659813
3256.4	-2.688191
3256.45	-2.7105294
3256.5	-2.7376045
3256.55	-2.7595359
3256.6	-2.7844245
3256.65	-2.79639
3256.7	-2.8118398
3256.75	-2.8070021
3256.8	-2.8123559
3256.85	-2.8099403
3256.9	-2.8096697
3256.95	-2.8093205
3257	-2.8080762
3257.05	-2.8088871
3257.1	-2.8091158
3257.15	-2.8086806
3257.2	-2.8206802
3257.25	-2.8388585
3257.3	-2.8718176
3257.35	-2.9097218
3257.4	-2.9580843
3257.45	-3.0089876
3257.5	-3.0794179
3257.55	-3.1547901
3257.6	-3.2405493
3257.65	-3.3218109
3257.7	-3.4100431
3257.75	-3.4866508
3257.8	-3.5692986
3257.85	-3.6414838
3257.9	-3.7121152
3257.95	-3.7668511
3258	-3.8083846
3258.05	-3.81922
3258.1	-3.8030567
3258.15	-3.7463144
3258.2	-3.6506507
3258.25	-3.5119837
3258.3	-3.3369374
3258.35	-3.1123885
3258.4	-2.8566466
3258.45	-2.5618529
3258.5	-2.2543178
3258.55	-1.9348023
3258.6	-1.615983
3258.65	-1.2886548
3258.7	-0.99373829
3258.75	-0.73275497
3258.8	-0.53204555
3258.85	-0.41422536
3258.9	-0.40774376
3258.95	-0.51870536
3259	-0.76724391
3259.05	-1.143785
3259.1	-1.6603105
3259.15	-2.2935557
3259.2	-3.0393746
3259.25	-3.8624811
3259.3	-4.7631212
3259.35	-5.6964831
3259.4	-6.6506476
3259.45	-7.580703
3259.5	-8.485514
3259.55	-9.3527279
3259.6	-10.161376
3259.65	-10.921589
3259.7	-11.636083
3259.75	-12.304275
3259.8	-12.944265
3259.85	-13.554036
3259.9	-14.153324
3259.95	-14.746875
3260	-15.35921
3260.05	-15.990907
3260.1	-16.66641
3260.15	-17.379109
3260.2	-18.152822
3260.25	-18.974874
3260.3	-19.845626
3260.35	-20.764374
3260.4	-21.750859
3260.45	-22.7926
3260.5	-23.90683
3260.55	-25.067533
3260.6	-26.293589
3260.65	-27.577182
3260.7	-28.949823
3260.75	-30.407492
3260.8	-31.965366
3260.85	-33.616461
3260.9	-35.380061
3260.95	-37.257976
3261	-39.24477
3261.05	-41.317678
3261.1	-43.439611
3261.15	-45.516879
3261.2	-47.420204
3261.25	-48.924545
3261.3	-49.713693
3261.35	-49.288555
3261.4	-47.009401
3261.45	-41.980762
3261.5	-33.09006
3261.55	-18.993011
3261.6	1.7427077
3261.65	30.520052
3261.7	68.446068
3261.75	116.04126
3261.8	172.93037
3261.85	237.6251
3261.9	307.39614
3261.95	378.41699
3262	446.02008
3262.05	505.21795
3262.1	551.21321
3262.15	579.96173
3262.2	588.57731
3262.25	575.64272
3262.3	541.28168
3262.35	487.14807
3262.4	416.14032
3262.45	332.13086
3262.5	239.55838
3262.55	143.05095
3262.6	47.0342
3262.65	-44.488248
3262.7	-128.232
3262.75	-201.6877
3262.8	-263.22289
3262.85	-311.99414
3262.9	-347.88179
3262.95	-371.31879
3263	-383.19689
3263.05	-384.69164
3263.1	-377.18685
3263.15	-362.12568
3263.2	-341.03422
3263.25	-315.39813
3263.3	-286.70387
3263.35	-256.38046
3263.4	-225.78524
3263.45	-196.14253
3263.5	-168.51061
3263.55	-143.69379
3263.6	-122.21527
3263.65	-104.27877
3263.7	-89.807276
3263.75	-78.436708
3263.8	-69.629767
3263.85	-62.712435
3263.9	-57.055983
3263.95	-52.068096
3264	-47.339344
3264.05	-42.641509
3264.1	-37.926049
3264.15	-33.241125
3264.2	-28.738457
3264.25	-24.593082
3264.3	-20.984772
3264.35	-18.012276
3264.4	-15.752147
3264.45	-14.169664
3264.5	-13.190901
3264.55	-12.674429
3264.6	-12.47506
3264.65	-12.4084
3264.7	-12.311816
3264.75	-12.019177
3264.8	-11.407816
3264.85	-10.353419
3264.9	-8.7940282
3264.95	-6.6759314
3265	-4.0043387
3265.05	-0.81509304
3265.1	2.7598843
3265.15	6.5470799
3265.2	10.30221
3265.25	13.806537
3265.3	16.823605
3265.35	19.179033
3265.4	20.735981
3265.45	21.483686
3265.5	21.476499
3265.55	20.87496
3265.6	19.913903
3265.65	18.85174
3265.7	17.92667
3265.75	17.316348
3265.8	17.068435
3265.85	17.150484
3265.9	17.41913
3265.95	17.686894
3266	17.744779
3266.05	17.434393
3266.1	16.685183
3266.15	15.517068
3266.2	14.03179
3266.25	12.411344
3266.3	10.865982
3266.35	9.6096267
3266.4	8.7866575
3266.45	8.5004172
3266.5	8.7529258
3266.55	9.4951671
3266.6	10.607526
3266.65	11.946053
3266.7	13.32836
3266.75	14.60211
3266.8	15.598469
3266.85	16.226826
3266.9	16.411957
3266.95	16.142655
3267	15.390208
3267.05	14.171018
3267.1	12.477379
3267.15	10.35593
3267.2	7.8375703
3267.25	5.044643
3267.3	2.095292
3267.35	-0.80849457
3267.4	-3.5106631
3267.45	-5.823784
3267.5	-7.6186248
3267.55	-8.801548
3267.6	-9.3388311
3267.65	-9.2182447
3267.7	-8.4917915
3267.75	-7.2277858
3267.8	-5.5303936
3267.85	-3.5147445
3267.9	-1.2835575
3267.95	1.07212
3268	3.4491864
3268.05	5.764285
3268.1	7.9014527
3268.15	9.7829159
3268.2	11.302555
3268.25	12.406695
3268.3	13.052247
3268.35	13.243402
3268.4	13.020138
3268.45	12.486652
3268.5	11.723796
3268.55	10.82939
3268.6	9.8731434
3268.65	8.9346211
3268.7	8.0168668
3268.75	7.1304914
3268.8	6.2405207
3268.85	5.3173799
3268.9	4.28472
3268.95	3.1227109
3269	1.7881858
3269.05	0.29804185
3269.1	-1.3180937
3269.15	-2.9619402
3269.2	-4.5098087
3269.25	-5.8145416
3269.3	-6.7799076
3269.35	-7.3061016
3269.4	-7.3811859
3269.45	-7.0048672
3269.5	-6.2395948
3269.55	-5.1511671
3269.6	-3.8514279
3269.65	-2.4582546
3269.7	-1.070447
3269.75	0.25155743
3269.8	1.4511805
3269.85	2.5332412
3269.9	3.511388
3269.95	4.4213437
3270	5.2626222
3270.05	6.0439832
3270.1	6.7045877
3270.15	7.2232474
3270.2	7.5407975
3270.25	7.6328755
3270.3	7.4746491
3270.35	7.0961271
3270.4	6.5302222
3270.45	5.8288349
3270.5	5.0409081
3270.55	4.2211491
3270.6	3.3887688
3270.65	2.5613486
3270.7	1.707021
3270.75	0.8114464
3270.8	-0.19551544
3270.85	-1.3596746
3270.9	-2.7397191
3270.95	-4.3427283
3271	-6.1488443
3271.05	-8.1045163
3271.1	-10.125827
3271.15	-12.090511
3271.2	-13.856009
3271.25	-15.252639
3271.3	-16.152938
3271.35	-16.429561
3271.4	-16.033306
3271.45	-14.947335
3271.5	-13.247275
3271.55	-11.02462
3271.6	-8.4356222
3271.65	-5.617969
3271.7	-2.7571061
3271.75	0.012598267
3271.8	2.5248328
3271.85	4.6783034
3271.9	6.3770631
3271.95	7.5865902
3272	8.3023854
3272.05	8.551944
3272.1	8.4077185
3272.15	7.9656543
3272.2	7.328189
3272.25	6.5944583
3272.3	5.8202023
3272.35	5.0577258
3272.4	4.3163126
3272.45	3.5976543
3272.5	2.8861356
3272.55	2.1566264
3272.6	1.3914032
3272.65	0.57189924
3272.7	-0.32251756
3272.75	-1.2679154
3272.8	-2.2495966
3272.85	-3.2263146
3272.9	-4.1648115
3272.95	-5.0105652
3273	-5.7114836
3273.05	-6.2052819
3273.1	-6.4538027
3273.15	-6.4242988
3273.2	-6.0932389
3273.25	-5.435613
3273.3	-4.4640578
3273.35	-3.1720289
3273.4	-1.5764827
3273.45	0.27996541
3273.5	2.3242166
3273.55	4.4759009
3273.6	6.5851373
3273.65	8.5194641
3273.7	10.107728
3273.75	11.226283
3273.8	11.7459
3273.85	11.605478
3273.9	10.785304
3273.95	9.351919
3274	7.4313184
3274.05	5.2289809
3274.1	2.9600166
3274.15	0.88780264
3274.2	-0.7851057
3274.25	-1.8894479
3274.3	-2.3613176
3274.35	-2.2077816
3274.4	-1.5366741
3274.45	-0.51729608
3274.5	0.63209446
3274.55	1.7089255
3274.6	2.515479
3274.65	2.9382235
3274.7	2.8993616
3274.75	2.4432532
3274.8	1.6726735
3274.85	0.74803561
3274.9	-0.15447215
3274.95	-0.85751105
3275	-1.2423273
3275.05	-1.2232904
3275.1	-0.80037541
3275.15	0.01402983
3275.2	1.1299751
3275.25	2.455909
3275.3	3.8617322
3275.35	5.252588
3275.4	6.5300384
3275.45	7.6247731
3275.5	8.4591261
3275.55	8.9834297
3275.6	9.1476875
3275.65	8.9483746
3275.7	8.3820236
3275.75	7.5093508
3275.8	6.4167699
3275.85	5.2439304
3275.9	4.1047868
3275.95	3.1464968
3276	2.4555302
3276.05	2.1004334
3276.1	2.0536134
3276.15	2.2561323
3276.2	2.5776014
3276.25	2.8568822
3276.3	2.9161188
3276.35	2.6269799
3276.4	1.8996522
3276.45	0.75698333
3276.5	-0.72897188
3276.55	-2.3865168
3276.6	-4.0444115
3276.65	-5.5029869
3276.7	-6.58829
3276.75	-7.1768321
3276.8	-7.2026684
3276.85	-6.6402947
3276.9	-5.5294318
3276.95	-3.9211452
3277	-1.9065812
3277.05	0.42730136
3277.1	2.9577187
3277.15	5.5488288
3277.2	8.0175262
3277.25	10.205372
3277.3	11.911262
3277.35	12.987599
3277.4	13.318226
3277.45	12.876713
3277.5	11.694373
3277.55	9.9195137
3277.6	7.7339539
3277.65	5.4149822
3277.7	3.2305115
3277.75	1.4478467
3277.8	0.22442231
3277.85	-0.36727164
3277.9	-0.38106294
3277.95	0.032409591
3278	0.63617314
3278.05	1.1754554
3278.1	1.3993054
3278.15	1.1375131
3278.2	0.32239161
3278.25	-0.98780467
3278.3	-2.6435611
3278.35	-4.3950622
3278.4	-6.0016916
3278.45	-7.1953787
3278.5	-7.7832355
3278.55	-7.6304984
3278.6	-6.7084695
3278.65	-5.0618422
3278.7	-2.8240103
3278.75	-0.17061589
3278.8	2.6681187
3278.85	5.462865
3278.9	7.9776116
3278.95	10.027456
3279	11.447791
3279.05	12.169211
3279.1	12.147148
3279.15	11.439916
3279.2	10.142746
3279.25	8.4025271
3279.3	6.3790476
3279.35	4.2698991
3279.4	2.2418913
3279.45	0.47968847
3279.5	-0.90399183
3279.55	-1.7871608
3279.6	-2.1419051
3279.65	-1.9707956
3279.7	-1.3743172
3279.75	-0.48080714
3279.8	0.51194457
3279.85	1.4319158
3279.9	2.0924784
3279.95	2.3687656
3280	2.1798452
3280.05	1.5501698
3280.1	0.55661225
3280.15	-0.64996397
3280.2	-1.9021019
3280.25	-3.0045446
3280.3	-3.8206684
3280.35	-4.2160658
3280.4	-4.1549684
3280.45	-3.6163805
3280.5	-2.6665771
3280.55	-1.3802344
3280.6	0.11070763
3280.65	1.7122561
3280.7	3.2938846
3280.75	4.7720426
3280.8	6.0403707
3280.85	7.0220123
3280.9	7.6591002
3280.95	7.9299835
3281	7.8141769
3281.05	7.3614164
3281.1	6.6151746
3281.15	5.6901179
3281.2	4.7123453
3281.25	3.8358008
3281.3	3.1636301
3281.35	2.7968793
3281.4	2.7498047
3281.45	3.0086988
3281.5	3.4673338
3281.55	3.9854314
3281.6	4.3691176
3281.65	4.4588795
3281.7	4.0991684
3281.75	3.2552656
3281.8	1.9489583
3281.85	0.30781359
3281.9	-1.4933706
3281.95	-3.2382614
3282	-4.7429984
3282.05	-5.8178185
3282.1	-6.371285
3282.15	-6.3496715
3282.2	-5.8012664
3282.25	-4.7857661
3282.3	-3.4329926
3282.35	-1.8683774
3282.4	-0.20859278
3282.45	1.4599554
3282.5	3.0367071
3282.55	4.4720032
3282.6	5.7071307
3282.65	6.7246724
3282.7	7.5021671
3282.75	8.0506736
3282.8	8.3703242
3282.85	8.4947424
3282.9	8.4216303
3282.95	8.1860154
3283	7.797688
3283.05	7.2823253
3283.1	6.637568
3283.15	5.9092617
3283.2	5.0884667
3283.25	4.1929139
3283.3	3.2305184
3283.35	2.2248689
3283.4	1.2050398
3283.45	0.22031998
3283.5	-0.70015053
3283.55	-1.4911005
3283.6	-2.1029741
3283.65	-2.4789745
3283.7	-2.6031294
3283.75	-2.4312373
3283.8	-1.9860903
3283.85	-1.2897162
3283.9	-0.40379741
3283.95	0.63540325
3284	1.76156
3284.05	2.9227623
3284.1	4.0467062
3284.15	5.1145873
3284.2	6.0796659
3284.25	6.9288547
3284.3	7.6259859
3284.35	8.1511095
3284.4	8.4579738
3284.45	8.5283373
3284.5	8.3424874
3284.55	7.9064395
3284.6	7.2510769
3284.65	6.4351405
3284.7	5.503268
3284.75	4.5350698
3284.8	3.5959544
3284.85	2.7587515
3284.9	2.0399117
3284.95	1.4663133
3285	1.0199789
3285.05	0.67661526
3285.1	0.37016435
3285.15	0.059761632
3285.2	-0.32363125
3285.25	-0.78927397
3285.3	-1.3402502
3285.35	-1.9483835
3285.4	-2.566394
3285.45	-3.1231898
3285.5	-3.5539206
3285.55	-3.8061117
3285.6	-3.8389572
3285.65	-3.6651496
3285.7	-3.3301684
3285.75	-2.8870582
3285.8	-2.4080048
3285.85	-1.9464172
3285.9	-1.5640038
3285.95	-1.2731841
3286	-1.0804074
3286.05	-0.95126116
3286.1	-0.85852788
3286.15	-0.74105103
3286.2	-0.57853997
3286.25	-0.33117196
3286.3	-0.0051812187
3286.35	0.39735859
3286.4	0.84810223
3286.45	1.3136622
3286.5	1.7386923
3286.55	2.0885389
3286.6	2.3116631
3286.65	2.379912
3286.7	2.2591505
3286.75	1.9232857
3286.8	1.3484508
3286.85	0.5377409
3286.9	-0.49680991
3286.95	-1.7012374
3287	-3.0183878
3287.05	-4.3380275
3287.1	-5.5707802
3287.15	-6.617065
3287.2	-7.4130445
3287.25	-7.9226887
3287.3	-8.1732218
3287.35	-8.2033265
3287.4	-8.1072576
3287.45	-7.9408743
3287.5	-7.7701454
3287.55	-7.5998958
3287.6	-7.4242879
3287.65	-7.1845711
3287.7	-6.8349714
3287.75	-6.3026477
3287.8	-5.5577001
3287.85	-4.6000786
3287.9	-3.4578413
3287.95	-2.1831321
3288	-0.86847834
3288.05	0.40406211
3288.1	1.5248337
3288.15	2.4086079
3288.2	2.980707
3288.25	3.2062864
3288.3	3.0554252
3288.35	2.5502694
3288.4	1.7229906
3288.45	0.64375797
3288.5	-0.64204671
3288.55	-2.0532869
3288.6	-3.5352721
3288.65	-5.0192987
3288.7	-6.4468491
3288.75	-7.7463318
3288.8	-8.8626568
3288.85	-9.7063081
3288.9	-10.242852
3288.95	-10.4265
3289	-10.263315
3289.05	-9.7800909
3289.1	-9.0427873
3289.15	-8.1279389
3289.2	-7.1702768
3289.25	-6.2389391
3289.3	-5.425793
3289.35	-4.7840626
3289.4	-4.3402358
3289.45	-4.0686276
3289.5	-3.9338874
3289.55	-3.8603974
3289.6	-3.783174
3289.65	-3.6283142
3289.7	-3.3545373
3289.75	-2.9230688
3289.8	-2.3290515
3289.85	-1.5813326
3289.9	-0.73172223
3289.95	0.16880099
3290	1.0213091
3290.05	1.7342339
3290.1	2.2143655
3290.15	2.38243
3290.2	2.1828711
3290.25	1.6154237
3290.3	0.71471175
3290.35	-0.42483475
3290.4	-1.6918067
3290.45	-2.9516246
3290.5	-4.0899296
3290.55	-4.9708643
3290.6	-5.5252589
3290.65	-5.701208
3290.7	-5.5075122
3290.75	-4.9936888
3290.8	-4.2576216
3290.85	-3.402018
3290.9	-2.5541284
3290.95	-1.8239726
3291	-1.3262729
3291.05	-1.0981178
3291.1	-1.1542684
3291.15	-1.4435301
3291.2	-1.908332
3291.25	-2.4288894
3291.3	-2.9065776
3291.35	-3.2231004
3291.4	-3.296152
3291.45	-3.0591196
3291.5	-2.5038645
3291.55	-1.6435006
3291.6	-0.53652942
3291.65	0.75337714
3291.7	2.1224321
3291.75	3.4853857
3291.8	4.7218665
3291.85	5.7438861
3291.9	6.4568787
3291.95	6.8233552
3292	6.8193001
3292.05	6.4757705
3292.1	5.8321269
3292.15	4.9680808
3292.2	3.9575355
3292.25	2.8807513
3292.3	1.7979985
3292.35	0.77706342
3292.4	-0.15547988
3292.45	-0.95137803
3292.5	-1.6005519
3292.55	-2.077216
3292.6	-2.3883268
3292.65	-2.5392212
3292.7	-2.5638128
3292.75	-2.4701209
3292.8	-2.300644
3292.85	-2.0785512
3292.9	-1.8346879
3292.95	-1.5663467
3293	-1.2921191
3293.05	-0.9870948
3293.1	-0.65902038
3293.15	-0.26460928
3293.2	0.18074281
3293.25	0.70677722
3293.3	1.2884493
3293.35	1.933911
3293.4	2.5883695
3293.45	3.2176125
3293.5	3.7493749
3293.55	4.1145568
3293.6	4.2304788
3293.65	4.0428513
3293.7	3.4994753
3293.75	2.5849034
3293.8	1.3118286
3293.85	-0.26174479
3293.9	-2.0731205
3293.95	-3.9892017
3294	-5.9078078
3294.05	-7.704932
3294.1	-9.3017447
3294.15	-10.610086
3294.2	-11.621138
3294.25	-12.315681
3294.3	-12.715577
3294.35	-12.86033
3294.4	-12.806734
3294.45	-12.601669
3294.5	-12.303123
3294.55	-11.948579
3294.6	-11.58498
3294.65	-11.19861
3294.7	-10.783196
3294.75	-10.294685
3294.8	-9.7156401
3294.85	-8.9872328
3294.9	-8.1053285
3294.95	-7.0544162
3295	-5.8760524
3295.05	-4.6061695
3295.1	-3.3357291
3295.15	-2.1325535
3295.2	-1.0719713
3295.25	-0.17820072
3295.3	0.52865675
3295.35	1.062708
3295.4	1.4404829
3295.45	1.7041956
3295.5	1.8580827
3295.55	1.9360447
3295.6	1.9306154
3295.65	1.8459172
3295.7	1.6682587
3295.75	1.4056238
3295.8	1.064985
3295.85	0.66663661
3295.9	0.2135337
3295.95	-0.25209584
3296	-0.74169223
3296.05	-1.2147443
3296.1	-1.6771032
3296.15	-2.1128523
3296.2	-2.538786
3296.25	-2.9391238
3296.3	-3.3268332
3296.35	-3.6844512
3296.4	-4.0199317
3296.45	-4.3154494
3296.5	-4.5853627
3296.55	-4.8074519
3296.6	-4.9803955
3296.65	-5.0675567
3296.7	-5.0697795
3296.75	-4.9471162
3296.8	-4.6936649
3296.85	-4.2735521
3296.9	-3.705886
3296.95	-2.9653172
3297	-2.0761196
3297.05	-1.0508371
3297.1	0.050362793
3297.15	1.1815541
3297.2	2.2638849
3297.25	3.2365229
3297.3	4.0076802
3297.35	4.5245582
3297.4	4.7336078
3297.45	4.6217021
3297.5	4.1812809
3297.55	3.453241
3297.6	2.495614
3297.65	1.4024864
3297.7	0.24578434
3297.75	-0.87972211
3297.8	-1.916282
3297.85	-2.7984964
3297.9	-3.5108227
3297.95	-4.0333055
3298	-4.3797911
3298.05	-4.5638679
3298.1	-4.6310954
3298.15	-4.5888261
3298.2	-4.4796931
3298.25	-4.3159501
3298.3	-4.1080506
3298.35	-3.8388744
3298.4	-3.5119837
3298.45	-3.1022074
3298.5	-2.6249039
3298.55	-2.0680668
3298.6	-1.4587962
3298.65	-0.82262239
3298.7	-0.20117439
3298.75	0.37413252
3298.8	0.86345425
3298.85	1.2519395
3298.9	1.5157604
3298.95	1.6525215
3299	1.6743561
3299.05	1.6049657
3299.1	1.4244569
3299.15	1.1316436
3299.2	0.71029064
3299.25	0.15910565
3299.3	-0.53765038
3299.35	-1.3538378
3299.4	-2.2767726
3299.45	-3.2566953
3299.5	-4.2361641
3299.55	-5.1365609
3299.6	-5.8979351
3299.65	-6.4430842
3299.7	-6.7343531
3299.75	-6.7212335
3299.8	-6.4193115
3299.85	-5.8450355
3299.9	-5.0639023
3299.95	-4.1237896
3300	-3.0980401
3300.05	-2.0432191
3300.1	-1.0237302
3300.15	-0.081735283
3300.2	0.74590691
3300.25	1.4693756
3300.3	2.0736571
3300.35	2.6010822
3300.4	3.0814857
3300.45	3.5576355
3300.5	4.0580032
3300.55	4.6360959
3300.6	5.3027046
3300.65	6.0786904
3300.7	6.9688753
3300.75	7.9801073
3300.8	9.0804954
3300.85	10.268069
3300.9	11.494081
3300.95	12.739302
3301	13.977183
3301.05	15.190449
3301.1	16.351373
3301.15	17.445783
3301.2	18.455751
3301.25	19.369511
3301.3	20.187304
3301.35	20.894014
3301.4	21.441942
3301.45	21.837829
3301.5	22.066468
3301.55	22.143173
3301.6	22.067823
3301.65	21.880499
3301.7	21.600344
3301.75	21.288368
3301.8	20.982611
3301.85	20.721292
3301.9	20.487433
3301.95	20.293986
3302	20.107564
3302.05	19.91615
3302.1	19.679334
3302.15	19.393159
3302.2	19.030371
3302.25	18.592416
3302.3	18.060256
3302.35	17.428613
3302.4	16.69096
3302.45	15.838502
3302.5	14.875481
3302.55	13.84247
3302.6	12.754257
3302.65	11.668176
3302.7	10.595293
3302.75	9.5659186
3302.8	8.5590113
3302.85	7.5578789
3302.9	6.4941561
3302.95	5.3255523
3303	3.9787643
3303.05	2.3990367
3303.1	0.57043857
3303.15	-1.5127677
3303.2	-3.8184433
3303.25	-6.2618796
3303.3	-8.7616957
3303.35	-11.195119
3303.4	-13.468054
3303.45	-15.473021
3303.5	-17.153237
3303.55	-18.474177
3303.6	-19.436927
3303.65	-20.062566
3303.7	-20.39751
3303.75	-20.502581
3303.8	-20.442213
3303.85	-20.261312
3303.9	-20.019895
3303.95	-19.736797
3304	-19.453874
3304.05	-19.180536
3304.1	-18.940643
3304.15	-18.744073
3304.2	-18.604406
3304.25	-18.501037
3304.3	-18.434395
3304.35	-18.362035
3304.4	-18.275237
3304.45	-18.139146
3304.5	-17.940646
3304.55	-17.673585
3304.6	-17.35388
3304.65	-16.986617
3304.7	-16.625802
3304.75	-16.289992
3304.8	-16.010323
3304.85	-15.819622
3304.9	-15.737715
3304.95	-15.756826
3305	-15.871311
3305.05	-16.037447
3305.1	-16.213163
3305.15	-16.338448
3305.2	-16.357064
3305.25	-16.216333
3305.3	-15.893216
3305.35	-15.372141
3305.4	-14.670249
3305.45	-13.840089
3305.5	-12.95886
3305.55	-12.106041
3305.6	-11.374823
3305.65	-10.837755
3305.7	-10.565778
3305.75	-10.583142
3305.8	-10.915475
3305.85	-11.521688
3305.9	-12.344937
3305.95	-13.296555
3306	-14.294528
3306.05	-15.234058
3306.1	-16.060434
3306.15	-16.710814
3306.2	-17.171806
3306.25	-17.430789
3306.3	-17.527913
3306.35	-17.518875
3306.4	-17.512985
3306.45	-17.581262
3306.5	-17.816511
3306.55	-18.288859
3306.6	-19.035682
3306.65	-20.04843
3306.7	-21.291097
3306.75	-22.673918
3306.8	-24.114334
3306.85	-25.48113
3306.9	-26.65838
3306.95	-27.530866
3307	-28.017664
3307.05	-28.068408
3307.1	-27.690761
3307.15	-26.902116
3307.2	-25.8031
3307.25	-24.467719
3307.3	-23.023842
3307.35	-21.553274
3307.4	-20.163153
3307.45	-18.89033
3307.5	-17.765562
3307.55	-16.770353
3307.6	-15.869545
3307.65	-14.988571
3307.7	-14.089179
3307.75	-13.09773
3307.8	-11.999385
3307.85	-10.773182
3307.9	-9.4346395
3307.95	-8.0195089
3308	-6.6061009
3308.05	-5.2359313
3308.1	-3.9916283
3308.15	-2.9326723
3308.2	-2.1393926
3308.25	-1.6404396
3308.3	-1.4833652
3308.35	-1.6633515
3308.4	-2.1669961
3308.45	-2.942826
3308.5	-3.9339474
3308.55	-5.0439777
3308.6	-6.186652
3308.65	-7.270589
3308.7	-8.2059309
3308.75	-8.9157797
3308.8	-9.3566925
3308.85	-9.4951994
3308.9	-9.3281604
3308.95	-8.8638869
3309	-8.1673282
3309.05	-7.3009115
3309.1	-6.3414741
3309.15	-5.349068
3309.2	-4.4193651
3309.25	-3.5958075
3309.3	-2.9294722
3309.35	-2.4236252
3309.4	-2.0827094
3309.45	-1.8774857
3309.5	-1.8014259
3309.55	-1.807687
3309.6	-1.8736753
3309.65	-1.9469724
3309.7	-2.0119016
3309.75	-2.0393273
3309.8	-2.0376657
3309.85	-2.0049357
3309.9	-1.9669493
3309.95	-1.9480479
3310	-1.9949489
3310.05	-2.1232279
3310.1	-2.3677546
3310.15	-2.7444404
3310.2	-3.2302264
3310.25	-3.7786983
3310.3	-4.3706401
3310.35	-4.9338501
3310.4	-5.430804
3310.45	-5.7977498
3310.5	-6.0106616
3310.55	-6.0486012
3310.6	-5.9167019
3310.65	-5.6365243
3310.7	-5.2460987
3310.75	-4.7697524
3310.8	-4.2472219
3310.85	-3.7178305
3310.9	-3.2235906
3310.95	-2.7671962
3311	-2.3770202
3311.05	-2.0386356
3311.1	-1.7466859
3311.15	-1.4756471
3311.2	-1.2454569
3311.25	-1.0480808
3311.3	-0.91546344
3311.35	-0.861974
3311.4	-0.92428383
3311.45	-1.1011787
3311.5	-1.4134287
3311.55	-1.8413496
3311.6	-2.3720348
3311.65	-2.964223
3311.7	-3.5902718
3311.75	-4.1958884
3311.8	-4.7741276
3311.85	-5.28977
3311.9	-5.7339979
3311.95	-6.0756186
3312	-6.3235796
3312.05	-6.4639541
3312.1	-6.513449
3312.15	-6.4606481
3312.2	-6.3285059
3312.25	-6.0996363
3312.3	-5.7884042
3312.35	-5.3779903
3312.4	-4.8777968
3312.45	-4.2728636
3312.5	-3.5671639
3312.55	-2.7615577
3312.6	-1.8752637
3312.65	-0.89963303
3312.7	0.14708607
3312.75	1.2438917
3312.8	2.3320393
3312.85	3.3821831
3312.9	4.3224781
3312.95	5.1213199
3313	5.7300757
3313.05	6.1226655
3313.1	6.259463
3313.15	6.1544369
3313.2	5.8167612
3313.25	5.292112
3313.3	4.6209104
3313.35	3.8784612
3313.4	3.1206632
3313.45	2.4169881
3313.5	1.8110371
3313.55	1.3346395
3313.6	0.997837
3313.65	0.80166648
3313.7	0.71800371
3313.75	0.73410561
3313.8	0.7911876
3313.85	0.85989353
3313.9	0.8962415
3313.95	0.89834382
3314	0.83096031
3314.05	0.72063673
3314.1	0.56859409
3314.15	0.4120985
3314.2	0.27181487
3314.25	0.17106339
3314.3	0.10959849
3314.35	0.12779089
3314.4	0.22721086
3314.45	0.43438096
3314.5	0.73280001
3314.55	1.1245344
3314.6	1.5939084
3314.65	2.1175513
3314.7	2.6606075
3314.75	3.1917015
3314.8	3.6365843
3314.85	3.9541553
3314.9	4.0904558
3314.95	4.029974
3315	3.7360011
3315.05	3.2281318
3315.1	2.5197486
3315.15	1.6724575
3315.2	0.71792367
3315.25	-0.25662245
3315.3	-1.2102154
3315.35	-2.0794552
3315.4	-2.845235
3315.45	-3.4758595
3315.5	-3.9797402
3315.55	-4.3357173
3315.6	-4.5598038
3315.65	-4.6446994
3315.7	-4.60534
3315.75	-4.4246457
3315.8	-4.1131034
3315.85	-3.6511882
3315.9	-3.0454015
3315.95	-2.2971879
3316	-1.4439085
3316.05	-0.50290451
3316.1	0.45663067
3316.15	1.4129962
3316.2	2.2979555
3316.25	3.0615034
3316.3	3.6315907
3316.35	3.9886638
3316.4	4.1089533
3316.45	3.9984264
3316.5	3.6735999
3316.55	3.1965842
3316.6	2.6019021
3316.65	1.9597705
3316.7	1.3135453
3316.75	0.72018652
3316.8	0.2054641
3316.85	-0.18115206
3316.9	-0.44322315
3316.95	-0.55065223
3317	-0.5194507
3317.05	-0.34000873
3317.1	-0.047470538
3317.15	0.35142351
3317.2	0.81198437
3317.25	1.3085376
3317.3	1.7832981
3317.35	2.1912577
3317.4	2.488935
3317.45	2.6430059
3317.5	2.6160299
3317.55	2.403149
3317.6	2.0136497
3317.65	1.48388
3317.7	0.85703768
3317.75	0.20332949
3317.8	-0.42109805
3317.85	-0.9412916
3317.9	-1.3256799
3317.95	-1.5203302
3318	-1.5247409
3318.05	-1.338072
3318.1	-0.98589743
3318.15	-0.50302911
3318.2	0.06610453
3318.25	0.71156395
3318.3	1.3698642
3318.35	2.0143578
3318.4	2.6248489
3318.45	3.1867115
3318.5	3.6811292
3318.55	4.103464
3318.6	4.4233819
3318.65	4.6597404
3318.7	4.8294488
3318.75	4.9623263
3318.8	5.066156
3318.85	5.178938
3318.9	5.3368493
3318.95	5.5764915
3319	5.8961943
3319.05	6.2924749
3319.1	6.7116132
3319.15	7.1095436
3319.2	7.3933619
3319.25	7.5148929
3319.3	7.4309832
3319.35	7.1276806
3319.4	6.5992132
3319.45	5.895549
3319.5	5.0812261
3319.55	4.2511082
3319.6	3.4682706
3319.65	2.8160786
3319.7	2.3400415
3319.75	2.09578
3319.8	2.0713151
3319.85	2.2696448
3319.9	2.6387198
3319.95	3.1624691
3320	3.7758648
3320.05	4.445879
3320.1	5.114635
3320.15	5.7420307
3320.2	6.2813703
3320.25	6.7162217
3320.3	7.0103283
3320.35	7.1745856
3320.4	7.200728
3320.45	7.1230062
3320.5	6.9462108
3320.55	6.7152435
3320.6	6.4509146
3320.65	6.1837557
3320.7	5.9250675
3320.75	5.704072
3320.8	5.5232749
3320.85	5.3961886
3320.9	5.3085131
3320.95	5.2678723
3321	5.2561046
3321.05	5.2642538
3321.1	5.2556894
3321.15	5.2155052
3321.2	5.1133708
3321.25	4.9539862
3321.3	4.7193731
3321.35	4.423416
3321.4	4.0640328
3321.45	3.6768691
3321.5	3.2845799
3321.55	2.9277096
3321.6	2.6357043
3321.65	2.4417539
3321.7	2.3545691
3321.75	2.3882304
3321.8	2.506905
3321.85	2.707634
3321.9	2.9579356
3321.95	3.2292678
3322	3.4598127
3322.05	3.6282837
3322.1	3.7040947
3322.15	3.6746849
3322.2	3.5437319
3322.25	3.3446832
3322.3	3.1046081
3322.35	2.8632792
3322.4	2.6559904
3322.45	2.5287578
3322.5	2.5017359
3322.55	2.5854696
3322.6	2.7763413
3322.65	3.0682315
3322.7	3.403883
3322.75	3.7446514
3322.8	4.0283597
3322.85	4.2037602
3322.9	4.2121136
3322.95	4.0268403
3323	3.6357176
3323.05	3.074915
3323.1	2.3825
3323.15	1.633461
3323.2	0.87797861
3323.25	0.21229086
3323.3	-0.30863803
3323.35	-0.63382523
3323.4	-0.73610195
3323.45	-0.59341586
3323.5	-0.22902302
3323.55	0.33367222
3323.6	1.0265451
3323.65	1.8036465
3323.7	2.61619
3323.75	3.4164751
3323.8	4.1583804
3323.85	4.8138185
3323.9	5.352516
3323.95	5.7782523
3324	6.0931566
3324.05	6.3231103
3324.1	6.4685313
3324.15	6.552642
3324.2	6.5860308
3324.25	6.5807625
3324.3	6.5300198
3324.35	6.4346799
3324.4	6.2760979
3324.45	6.0516626
3324.5	5.730621
3324.55	5.3126127
3324.6	4.7920199
3324.65	4.1665673
3324.7	3.4347125
3324.75	2.6362892
3324.8	1.7918729
3324.85	0.92553579
3324.9	0.079604333
3324.95	-0.69723192
3325	-1.3679856
3325.05	-1.8803552
3325.1	-2.2227357
3325.15	-2.365625
3325.2	-2.3096085
3325.25	-2.0399331
3325.3	-1.5963941
3325.35	-1.0070398
3325.4	-0.33801827
3325.45	0.37536763
3325.5	1.0665989
3325.55	1.6837886
3325.6	2.1683922
3325.65	2.5030633
3325.7	2.6750587
3325.75	2.7118132
3325.8	2.6153269
3325.85	2.4428799
3325.9	2.2445484
3325.95	2.063357
3326	1.9291247
3326.05	1.8936531
3326.1	1.9552885
3326.15	2.1220219
3326.2	2.3704459
3326.25	2.6775639
3326.3	2.990003
3326.35	3.2759718
3326.4	3.4799241
3326.45	3.5957784
3326.5	3.5840244
3326.55	3.4553329
3326.6	3.2175852
3326.65	2.9022379
3326.7	2.5340124
3326.75	2.1745755
3326.8	1.8564242
3326.85	1.6261372
3326.9	1.4897576
3326.95	1.4610432
3327	1.5190242
3327.05	1.6657644
3327.1	1.8657681
3327.15	2.1122125
3327.2	2.3599556
3327.25	2.6042204
3327.3	2.8285356
3327.35	3.0429649
3327.4	3.2355529
3327.45	3.4278949
3327.5	3.600968
3327.55	3.7831604
3327.6	3.9546155
3327.65	4.1299151
3327.7	4.306494
3327.75	4.4818496
3327.8	4.6503866
3327.85	4.8125902
3327.9	4.9438106
3327.95	5.04191
3328	5.0817268
3328.05	5.0660706
3328.1	4.9647106
3328.15	4.7798125
3328.2	4.488494
3328.25	4.1135036
3328.3	3.666473
3328.35	3.1546319
3328.4	2.593993
3328.45	2.0219612
3328.5	1.4346657
3328.55	0.87597497
3328.6	0.34679503
3328.65	-0.1161842
3328.7	-0.52187818
3328.75	-0.82940276
3328.8	-1.0513423
3328.85	-1.14566
3328.9	-1.1297031
3328.95	-0.99177921
3329	-0.74795419
3329.05	-0.40725945
3329.1	0.0023103856
3329.15	0.47074166
3329.2	0.95029801
3329.25	1.4155069
3329.3	1.8247375
3329.35	2.1670921
3329.4	2.4090094
3329.45	2.5466664
3329.5	2.5660284
3329.55	2.4865035
3329.6	2.3165549
3329.65	2.0764498
3329.7	1.771419
3329.75	1.4353
3329.8	1.0587898
3329.85	0.6782933
3329.9	0.28311276
3329.95	-0.10988314
3330	-0.50802503
3330.05	-0.88728739
3330.1	-1.2607585
3330.15	-1.5934122
3330.2	-1.8805698
3330.25	-2.0991069
3330.3	-2.2480736
3330.35	-2.3036835
3330.4	-2.278754
3330.45	-2.1797078
3330.5	-2.0240026
3330.55	-1.8121886
3330.6	-1.5670202
3330.65	-1.3018627
3330.7	-1.0421827
3330.75	-0.78320529
3330.8	-0.55596057
3330.85	-0.34415699
3330.9	-0.16850674
3330.95	-0.017037999
3331	0.10683405
3331.05	0.209606
3331.1	0.28551022
3331.15	0.34527207
3331.2	0.37272051
3331.25	0.37198882
3331.3	0.32720836
3331.35	0.24188074
3331.4	0.10653982
3331.45	-0.065884405
3331.5	-0.2877635
3331.55	-0.53415288
3331.6	-0.78856092
3331.65	-1.0265246
3331.7	-1.2535502
3331.75	-1.4602864
3331.8	-1.6527325
3331.85	-1.8112781
3331.9	-1.9686068
3331.95	-2.1301284
3332	-2.3241661
3332.05	-2.5548019
3332.1	-2.8482792
3332.15	-3.189601
3332.2	-3.589571
3332.25	-4.0241313
3332.3	-4.4771938
3332.35	-4.9045017
3332.4	-5.2913112
3332.45	-5.6104706
3332.5	-5.8516335
3332.55	-5.9874278
3332.6	-6.0296926
3332.65	-5.9715556
3332.7	-5.8373129
3332.75	-5.6303087
3332.8	-5.3966998
3332.85	-5.1458374
3332.9	-4.9217742
3332.95	-4.7145049
3333	-4.5590389
3333.05	-4.4404356
3333.1	-4.3673272
3333.15	-4.3413863
3333.2	-4.3469988
3333.25	-4.3764437
3333.3	-4.4162528
3333.35	-4.444718
3333.4	-4.4679109
3333.45	-4.4537676
3333.5	-4.4173628
3333.55	-4.3410534
3333.6	-4.2569659
3333.65	-4.1663045
3333.7	-4.0980042
3333.75	-4.0410236
3333.8	-4.0181864
3333.85	-4.0177762
3333.9	-4.0396653
3333.95	-4.0620682
3334	-4.0698222
3334.05	-4.0250163
3334.1	-3.916695
3334.15	-3.7099696
3334.2	-3.4095883
3334.25	-2.9856219
3334.3	-2.447683
3334.35	-1.7926296
3334.4	-1.0431195
3334.45	-0.2130198
3334.5	0.68175988
3334.55	1.6177047
3334.6	2.5560498
3334.65	3.4661224
3334.7	4.3152248
3334.75	5.0782761
3334.8	5.7166332
3334.85	6.2178572
3334.9	6.5611831
3334.95	6.7449807
3335	6.7770031
3335.05	6.700635
3335.1	6.5401922
3335.15	6.3556888
3335.2	6.1739326
3335.25	6.0507208
3335.3	5.995999
3335.35	6.0430642
3335.4	6.1698448
3335.45	6.3775779
3335.5	6.6413657
3335.55	6.9521326
3335.6	7.2574167
3335.65	7.5460899
3335.7	7.7768308
3335.75	7.9482282
3335.8	8.0560279
3335.85	8.1242663
3335.9	8.1450362
3335.95	8.1548134
3336	8.1800532
3336.05	8.259971
3336.1	8.3931237
3336.15	8.6002528
3336.2	8.867133
3336.25	9.2018891
3336.3	9.5645193
3336.35	9.941391
3336.4	10.304909
3336.45	10.636829
3336.5	10.908284
3336.55	11.10871
3336.6	11.226733
3336.65	11.274064
3336.7	11.235715
3336.75	11.13282
3336.8	10.971702
3336.85	10.776845
3336.9	10.559828
3336.95	10.350291
3337	10.14651
3337.05	9.9750861
3337.1	9.8379941
3337.15	9.7435084
3337.2	9.6834324
3337.25	9.648319
3337.3	9.6130078
3337.35	9.573367
3337.4	9.4902982
3337.45	9.3481525
3337.5	9.1318857
3337.55	8.8425113
3337.6	8.48524
3337.65	8.0835157
3337.7	7.6645173
3337.75	7.2578124
3337.8	6.8788863
3337.85	6.5488575
3337.9	6.2753841
3337.95	6.0718644
3338	5.9324014
3338.05	5.8513623
3338.1	5.8213345
3338.15	5.831731
3338.2	5.8524424
3338.25	5.8843357
3338.3	5.8877134
3338.35	5.8560594
3338.4	5.7766844
3338.45	5.6414768
3338.5	5.438084
3338.55	5.1837453
3338.6	4.8723918
3338.65	4.5303994
3338.7	4.1573468
3338.75	3.7822656
3338.8	3.4140458
3338.85	3.0650569
3338.9	2.73492
3338.95	2.4255867
3339	2.1232872
3339.05	1.8328539
3339.1	1.5413425
3339.15	1.2477761
3339.2	0.95278018
3339.25	0.66524905
3339.3	0.3903114
3339.35	0.14653216
3339.4	-0.061709061
3339.45	-0.21408138
3339.5	-0.30822478
3339.55	-0.32872702
3339.6	-0.28876849
3339.65	-0.18647145
3339.7	-0.035974692
3339.75	0.14800772
3339.8	0.34765841
3339.85	0.55167976
3339.9	0.74037427
3339.95	0.90514495
3340	1.0322769
3340.05	1.1228378
3340.1	1.1751819
3340.15	1.1944214
3340.2	1.1809418
3340.25	1.1422606
3340.3	1.0856346
3340.35	1.0230873
3340.4	0.95692597
3340.45	0.89345666
3340.5	0.83131886
3340.55	0.77346375
3340.6	0.71682497
3340.65	0.66368214
3340.7	0.60951447
3340.75	0.55719652
3340.8	0.50551066
3340.85	0.45571779
3340.9	0.40562758
3340.95	0.35812233
3341	0.31332115
3341.05	0.27146262
3341.1	0.2325907
3341.15	0.19759645
3341.2	0.1661536
3341.25	0.13891951
3341.3	0.11493599
3341.35	0.094256541
3341.4	0.076234246
3341.45	0.060819511
3341.5	0.047725151
3341.55	0.036873481
3341.6	0.02756308
3341.65	0.019802281
3341.7	0.01332529
3341.75	0.0081834342
3341.8	0.0043329444
3341.85	0.0017664232
3341.9	0.00038983952
3341.95	0
