# Menlo Systems GmbH TERAScan++
# Program Version 1.0.96
# Start: 4498 ps, Average over 67108 waveforms. Timestamp: 2018-03-03T15:51:41
# Window type: Tukey, parameters: alpha = 0.1
# Time [ps]	THz Signal [a.u.]
4498	0
4498.05	7.0067288e-05
4498.1	0.0003560279
4498.15	0.00043446754
4498.2	0.0010083553
4498.25	0.00058205491
4498.3	0.0015077994
4498.35	0.00016321542
4498.4	0.0012703916
4498.45	-0.0014326038
4498.5	-7.2863266e-05
4498.55	-0.0050410226
4498.6	-0.0035901098
4498.65	-0.010548376
4498.7	-0.0082720559
4498.75	-0.017316806
4498.8	-0.013918827
4498.85	-0.024232486
4498.9	-0.018582952
4498.95	-0.0311241
4499	-0.022751754
4499.05	-0.036450594
4499.1	-0.026226422
4499.15	-0.041802863
4499.2	-0.026755948
4499.25	-0.041828965
4499.3	-0.024077519
4499.35	-0.042482659
4499.4	-0.018966683
4499.45	-0.03481958
4499.5	-0.0062197192
4499.55	-0.027012122
4499.6	0.0065613358
4499.65	-0.012273187
4499.7	0.023419832
4499.75	0.00079379387
4499.8	0.042301901
4499.85	0.019297018
4499.9	0.061989303
4499.95	0.032551485
4500	0.08115938
4500.05	0.048610731
4500.1	0.098576412
4500.15	0.060744277
4500.2	0.1157793
4500.25	0.07299179
4500.3	0.12459504
4500.35	0.075345482
4500.4	0.12639853
4500.45	0.067465842
4500.5	0.12372774
4500.55	0.062235408
4500.6	0.11325571
4500.65	0.033259017
4500.7	0.077416681
4500.75	-0.0070966016
4500.8	0.039499158
4500.85	-0.05001306
4500.9	-0.00071340442
4500.95	-0.091873141
4501	-0.032785116
4501.05	-0.12072104
4501.1	-0.056288784
4501.15	-0.13937551
4501.2	-0.061846662
4501.25	-0.15200235
4501.3	-0.075675252
4501.35	-0.16149811
4501.4	-0.068634035
4501.45	-0.15473
4501.5	-0.066250892
4501.55	-0.15478786
4501.6	-0.057819481
4501.65	-0.1542331
4501.7	-0.054029659
4501.75	-0.14807572
4501.8	-0.048976055
4501.85	-0.14589758
4501.9	-0.023444083
4501.95	-0.10715094
4502	0.014367427
4502.05	-0.067557475
4502.1	0.060841721
4502.15	-0.029811289
4502.2	0.096481396
4502.25	0.0081970503
4502.3	0.12678797
4502.35	0.018302419
4502.4	0.12954931
4502.45	0.025470329
4502.5	0.13125842
4502.55	0.011801673
4502.6	0.12641866
4502.65	0.0070790993
4502.7	0.094190489
4502.75	-0.041369864
4502.8	0.055540935
4502.85	-0.082442059
4502.9	-0.0021112063
4502.95	-0.15382731
4503	-0.065821386
4503.05	-0.20938697
4503.1	-0.13347866
4503.15	-0.28162497
4503.2	-0.18728688
4503.25	-0.34889161
4503.3	-0.29842401
4503.35	-0.45754125
4503.4	-0.37281209
4503.45	-0.53900256
4503.5	-0.47543079
4503.55	-0.62526151
4503.6	-0.54888889
4503.65	-0.70992246
4503.7	-0.63324015
4503.75	-0.76800081
4503.8	-0.6780629
4503.85	-0.82624014
4503.9	-0.73096071
4503.95	-0.856373
4504	-0.74314127
4504.05	-0.86460494
4504.1	-0.73531224
4504.15	-0.82413918
4504.2	-0.67066498
4504.25	-0.74201621
4504.3	-0.57290259
4504.35	-0.61984449
4504.4	-0.43865671
4504.45	-0.4909647
4504.5	-0.31491882
4504.55	-0.35455375
4504.6	-0.16749966
4504.65	-0.19286897
4504.7	0.0077958821
4504.75	-0.024238298
4504.8	0.18129333
4504.85	0.15802497
4504.9	0.34812909
4504.95	0.29999937
4505	0.48117578
4505.05	0.43582188
4505.1	0.61003601
4505.15	0.55319504
4505.2	0.72663382
4505.25	0.65517391
4505.3	0.8020701
4505.35	0.71947601
4505.4	0.86211526
4505.45	0.76360935
4505.5	0.89208577
4505.55	0.79351029
4505.6	0.91078704
4505.65	0.78883178
4505.7	0.8977238
4505.75	0.76785175
4505.8	0.85203111
4505.85	0.70827134
4505.9	0.79959306
4505.95	0.65969051
4506	0.7454647
4506.05	0.60675224
4506.1	0.69122765
4506.15	0.54758293
4506.2	0.62129752
4506.25	0.47585289
4506.3	0.56427238
4506.35	0.42417792
4506.4	0.515285
4506.45	0.39133337
4506.5	0.51165288
4506.55	0.40878089
4506.6	0.53877709
4506.65	0.44362817
4506.7	0.58066714
4506.75	0.474098
4506.8	0.60260671
4506.85	0.50775883
4506.9	0.64893469
4506.95	0.54531644
4507	0.68319261
4507.05	0.59368672
4507.1	0.72462472
4507.15	0.61770588
4507.2	0.74189489
4507.25	0.64662364
4507.3	0.77592589
4507.35	0.67717896
4507.4	0.80341936
4507.45	0.70540822
4507.5	0.81702194
4507.55	0.69316763
4507.6	0.80807967
4507.65	0.69098254
4507.7	0.79512784
4507.75	0.65794517
4507.8	0.74664569
4507.85	0.59196912
4507.9	0.66524396
4507.95	0.50437547
4508	0.5680923
4508.05	0.39937341
4508.1	0.46746861
4508.15	0.30158237
4508.2	0.35511955
4508.25	0.17274033
4508.3	0.21950669
4508.35	0.036356202
4508.4	0.079297638
4508.45	-0.11253591
4508.5	-0.087167956
4508.55	-0.29276734
4508.6	-0.27346488
4508.65	-0.48287601
4508.7	-0.45247484
4508.75	-0.64378452
4508.8	-0.61014779
4508.85	-0.79845017
4508.9	-0.75382251
4508.95	-0.94655875
4509	-0.90607389
4509.05	-1.0861416
4509.1	-1.0279346
4509.15	-1.2034188
4509.2	-1.1616252
4509.25	-1.3421063
4509.3	-1.2957414
4509.35	-1.4792767
4509.4	-1.438343
4509.45	-1.6214202
4509.5	-1.5878726
4509.55	-1.7992137
4509.6	-1.7725047
4509.65	-1.9520431
4509.7	-1.9063954
4509.75	-2.0958611
4509.8	-2.0379201
4509.85	-2.194613
4509.9	-2.1111362
4509.95	-2.2211929
4510	-2.0621284
4510.05	-2.0764472
4510.1	-1.8041273
4510.15	-1.7045828
4510.2	-1.3097142
4510.25	-1.0658569
4510.3	-0.51601387
4510.35	-0.16733913
4510.4	0.42479093
4510.45	0.79947983
4510.5	1.4027713
4510.55	1.7349836
4510.6	2.2462749
4510.65	2.4620439
4510.7	2.8322358
4510.75	2.8759439
4510.8	3.0491835
4510.85	2.892366
4510.9	2.8563945
4510.95	2.506104
4511	2.3091436
4511.05	1.8117314
4511.1	1.4887311
4511.15	0.89744686
4511.2	0.51993849
4511.25	-0.098710502
4511.3	-0.48942945
4511.35	-1.0845932
4511.4	-1.4192602
4511.45	-1.9419649
4511.5	-2.1952733
4511.55	-2.6180856
4511.6	-2.7662246
4511.65	-3.0893445
4511.7	-3.1407389
4511.75	-3.3749827
4511.8	-3.3449481
4511.85	-3.5069098
4511.9	-3.41181
4511.95	-3.5113909
4512	-3.3562946
4512.05	-3.4300829
4512.1	-3.2771844
4512.15	-3.339175
4512.2	-3.1729809
4512.25	-3.2473476
4512.3	-3.087194
4512.35	-3.1472814
4512.4	-2.9826216
4512.45	-3.0445818
4512.5	-2.8741757
4512.55	-2.9338512
4512.6	-2.7812269
4512.65	-2.870479
4512.7	-2.7249912
4512.75	-2.8224976
4512.8	-2.7147024
4512.85	-2.847604
4512.9	-2.7524347
4512.95	-2.8986901
4513	-2.8251552
4513.05	-2.9871528
4513.1	-2.9163177
4513.15	-3.093621
4513.2	-3.0386072
4513.25	-3.2105176
4513.3	-3.1464679
4513.35	-3.3016483
4513.4	-3.2203753
4513.45	-3.3699277
4513.5	-3.2843108
4513.55	-3.4280788
4513.6	-3.3355347
4513.65	-3.4647428
4513.7	-3.3541527
4513.75	-3.4793713
4513.8	-3.3801319
4513.85	-3.5077015
4513.9	-3.4051233
4513.95	-3.5404419
4514	-3.4371002
4514.05	-3.5601991
4514.1	-3.4609724
4514.15	-3.6026044
4514.2	-3.5299899
4514.25	-3.692048
4514.3	-3.6342402
4514.35	-3.8105503
4514.4	-3.7502787
4514.45	-3.9028379
4514.5	-3.8178668
4514.55	-3.9495511
4514.6	-3.8058177
4514.65	-3.8493476
4514.7	-3.6088759
4514.75	-3.530486
4514.8	-3.1461718
4514.85	-2.9040362
4514.9	-2.3443996
4514.95	-1.940863
4515	-1.2610956
4515.05	-0.79587536
4515.1	-0.098771894
4515.15	0.31824362
4515.2	0.8797847
4515.25	1.1136675
4515.3	1.4458574
4515.35	1.3964767
4515.4	1.4076022
4515.45	1.0293198
4515.5	0.72007401
4515.55	0.030789568
4515.6	-0.5653364
4515.65	-1.5119925
4515.7	-2.3289094
4515.75	-3.4311279
4515.8	-4.3466762
4515.85	-5.5094201
4515.9	-6.4482394
4515.95	-7.5886945
4516	-8.4617784
4516.05	-9.5174934
4516.1	-10.287705
4516.15	-11.217873
4516.2	-11.856438
4516.25	-12.658648
4516.3	-13.186591
4516.35	-13.896109
4516.4	-14.345988
4516.45	-15.010092
4516.5	-15.447625
4516.55	-16.136289
4516.6	-16.632931
4516.65	-17.396691
4516.7	-17.969494
4516.75	-18.813609
4516.8	-19.481878
4516.85	-20.402739
4516.9	-21.11366
4516.95	-22.06945
4517	-22.779795
4517.05	-23.683067
4517.1	-24.330899
4517.15	-25.162922
4517.2	-25.715372
4517.25	-26.475491
4517.3	-27.010329
4517.35	-27.813341
4517.4	-28.473869
4517.45	-29.515803
4517.5	-30.511066
4517.55	-31.95248
4517.6	-33.418812
4517.65	-35.370947
4517.7	-37.294788
4517.75	-39.558371
4517.8	-41.56398
4517.85	-43.526059
4517.9	-44.589426
4517.95	-44.710042
4518	-42.686152
4518.05	-37.92601
4518.1	-28.641177
4518.15	-13.657428
4518.2	9.3993054
4518.25	42.069547
4518.3	86.596218
4518.35	143.76916
4518.4	214.30906
4518.45	296.66125
4518.5	388.66994
4518.55	485.81907
4518.6	583.33621
4518.65	674.85596
4518.7	754.74606
4518.75	816.8847
4518.8	856.91972
4518.85	870.88702
4518.9	857.27798
4518.95	815.28794
4519	746.54893
4519.05	653.20953
4519.1	539.51832
4519.15	409.82943
4519.2	270.11851
4519.25	125.75666
4519.3	-17.142085
4519.35	-153.8637
4519.4	-279.51316
4519.45	-391.03676
4519.5	-485.4186
4519.55	-561.5206
4519.6	-618.22198
4519.65	-656.15435
4519.7	-675.68901
4519.75	-678.70285
4519.8	-666.57551
4519.85	-641.89593
4519.9	-606.49537
4519.95	-563.23838
4520	-514.10865
4520.05	-461.87701
4520.1	-408.20026
4520.15	-355.42347
4520.2	-304.62233
4520.25	-257.43486
4520.3	-214.1888
4520.35	-175.83016
4520.4	-142.01273
4520.45	-113.03924
4520.5	-88.152994
4520.55	-67.444193
4520.6	-50.040799
4520.65	-35.983239
4520.7	-24.448557
4520.75	-15.578013
4520.8	-8.6181644
4520.85	-3.7675516
4520.9	-0.34291024
4520.95	1.4003593
4521	2.1463206
4521.05	1.6636082
4521.1	0.638278
4521.15	-1.1410858
4521.2	-2.9910723
4521.25	-5.1562915
4521.3	-6.9580814
4521.35	-8.6279775
4521.4	-9.5501538
4521.45	-10.023023
4521.5	-9.4515892
4521.55	-8.2104226
4521.6	-5.8260147
4521.65	-2.794281
4521.7	1.2345704
4521.75	5.6378984
4521.8	10.6502
4521.85	15.57884
4521.9	20.6739
4521.95	25.264987
4522	29.637811
4522.05	33.237094
4522.1	36.495124
4522.15	38.973257
4522.2	41.187639
4522.25	42.78714
4522.3	44.312431
4522.35	45.361087
4522.4	46.390736
4522.45	46.913019
4522.5	47.297194
4522.55	46.983904
4522.6	46.328288
4522.65	44.807863
4522.7	42.895878
4522.75	40.21346
4522.8	37.360751
4522.85	34.04537
4522.9	30.944986
4522.95	27.790094
4523	25.194784
4523.05	22.814976
4523.1	21.177613
4523.15	19.821459
4523.2	19.179205
4523.25	18.710755
4523.3	18.77903
4523.35	18.806874
4523.4	19.126788
4523.45	19.157776
4523.5	19.271032
4523.55	18.917617
4523.6	18.475498
4523.65	17.406655
4523.7	16.117954
4523.75	14.098816
4523.8	11.811003
4523.85	8.8770136
4523.9	5.8751764
4523.95	2.4993555
4524	-0.62265577
4524.05	-3.7666221
4524.1	-6.2919658
4524.15	-8.5147812
4524.2	-9.8764542
4524.25	-10.785769
4524.3	-10.760107
4524.35	-10.264958
4524.4	-8.9028599
4524.45	-7.1974258
4524.5	-4.7499913
4524.55	-2.0891421
4524.6	1.1466834
4524.65	4.3922102
4524.7	7.9832103
4524.75	11.324689
4524.8	14.716872
4524.85	17.573093
4524.9	20.272247
4524.95	22.276139
4525	23.984776
4525.05	24.960328
4525.1	25.704321
4525.15	25.791248
4525.2	25.736593
4525.25	25.170584
4525.3	24.581894
4525.35	23.51123
4525.4	22.464702
4525.45	20.999258
4525.5	19.557759
4525.55	17.667365
4525.6	15.8129
4525.65	13.572895
4525.7	11.462056
4525.75	9.1137518
4525.8	7.1033152
4525.85	5.1270418
4525.9	3.7409691
4525.95	2.5752406
4526	2.1551701
4526.05	2.0491894
4526.1	2.6873059
4526.15	3.5567381
4526.2	5.0439161
4526.25	6.6074277
4526.3	8.6079212
4526.35	10.492759
4526.4	12.67375
4526.45	14.676896
4526.5	16.92461
4526.55	18.944096
4526.6	21.172243
4526.65	23.110357
4526.7	25.146348
4526.75	26.749431
4526.8	28.321147
4526.85	29.353202
4526.9	30.231674
4526.95	30.456151
4527	30.4783
4527.05	29.844323
4527.1	29.027426
4527.15	27.600973
4527.2	26.066847
4527.25	24.016915
4527.3	21.960072
4527.35	19.471795
4527.4	17.062363
4527.45	14.311735
4527.5	11.690068
4527.55	8.7586359
4527.6	6.0188061
4527.65	3.0666128
4527.7	0.39333474
4527.75	-2.3969309
4527.8	-4.7316175
4527.85	-6.9544075
4527.9	-8.4959081
4527.95	-9.6975234
4528	-10.028446
4528.05	-9.8852414
4528.1	-8.8168156
4528.15	-7.3245825
4528.2	-5.0362275
4528.25	-2.5262199
4528.3	0.52211857
4528.35	3.4954947
4528.4	6.6929013
4528.45	9.497538
4528.5	12.214944
4528.55	14.271757
4528.6	16.070184
4528.65	17.14207
4528.7	17.943058
4528.75	18.063203
4528.8	18.037357
4528.85	17.488297
4528.9	16.934565
4528.95	15.966354
4529	15.103624
4529.05	13.912262
4529.1	12.867806
4529.15	11.502675
4529.2	10.32401
4529.25	8.8745439
4529.3	7.623069
4529.35	6.1472884
4529.4	4.959745
4529.45	3.6369939
4529.5	2.6810508
4529.55	1.6593563
4529.6	1.0756183
4529.65	0.50768516
4529.7	0.43508154
4529.75	0.39424925
4529.8	0.85215117
4529.85	1.3345206
4529.9	2.2718507
4529.95	3.1844321
4530	4.5492461
4530.05	5.8765324
4530.1	7.5671693
4530.15	9.0932897
4530.2	10.853239
4530.25	12.280955
4530.3	13.710896
4530.35	14.569478
4530.4	15.246706
4530.45	15.203219
4530.5	14.863304
4530.55	13.793211
4530.6	12.554398
4530.65	10.790255
4530.7	9.1145321
4530.75	7.253114
4530.8	5.8346042
4530.85	4.5111332
4530.9	3.8185181
4530.95	3.3300113
4531	3.4654441
4531.05	3.6817175
4531.1	4.3337008
4531.15	4.8248811
4531.2	5.5072465
4531.25	5.8127246
4531.3	6.1467245
4531.35	6.0242454
4531.4	5.9458573
4531.45	5.5236508
4531.5	5.3139059
4531.55	4.9429005
4531.6	4.9600101
4531.65	4.9612616
4531.7	5.43452
4531.75	5.9150691
4531.8	6.8544533
4531.85	7.7354012
4531.9	8.9626896
4531.95	10.022386
4532	11.305505
4532.05	12.259279
4532.1	13.280727
4532.15	13.824493
4532.2	14.273293
4532.25	14.106216
4532.3	13.786278
4532.35	12.889177
4532.4	11.929718
4532.45	10.54256
4532.5	9.3416154
4532.55	7.9852126
4532.6	7.0249853
4532.65	6.0695206
4532.7	5.6191912
4532.75	5.1687682
4532.8	5.1010477
4532.85	4.8558602
4532.9	4.7671752
4532.95	4.2488393
4533	3.7038226
4533.05	2.6637283
4533.1	1.6400625
4533.15	0.24561225
4533.2	-0.93702575
4533.25	-2.2384303
4533.3	-3.0814527
4533.35	-3.8287505
4533.4	-3.9584611
4533.45	-3.8980194
4533.5	-3.152869
4533.55	-2.1760372
4533.6	-0.54280839
4533.65	1.2517064
4533.7	3.6095727
4533.75	5.9451947
4533.8	8.5650752
4533.85	10.863242
4533.9	13.118504
4533.95	14.674116
4534	15.84664
4534.05	16.111208
4534.1	15.905525
4534.15	14.818167
4534.2	13.469241
4534.25	11.586149
4534.3	9.8264597
4534.35	7.9520101
4534.4	6.5927437
4534.45	5.3807264
4534.5	4.7994863
4534.55	4.3170486
4534.6	4.2482308
4534.65	3.9641938
4534.7	3.7606249
4534.75	3.0650712
4534.8	2.2861968
4534.85	0.97963759
4534.9	-0.29843538
4534.95	-1.8552389
4535	-3.0631207
4535.05	-4.2246022
4535.1	-4.721717
4535.15	-4.8985742
4535.2	-4.263635
4535.25	-3.267424
4535.3	-1.5058188
4535.35	0.47684425
4535.4	3.0042011
4535.45	5.4524905
4535.5	8.1239069
4535.55	10.37865
4535.6	12.507591
4535.65	13.924679
4535.7	14.999312
4535.75	15.224312
4535.8	15.059083
4535.85	14.112581
4535.9	12.945808
4535.95	11.213874
4536	9.5542926
4536.05	7.6910018
4536.1	6.2260439
4536.15	4.8309634
4536.2	4.0826597
4536.25	3.5546362
4536.3	3.6515582
4536.35	3.8378047
4536.4	4.4329438
4536.45	4.8266369
4536.5	5.3352833
4536.55	5.37268
4536.6	5.3192706
4536.65	4.7165289
4536.7	4.0762768
4536.75	3.0372708
4536.8	2.1698131
4536.85	1.1532042
4536.9	0.56493222
4536.95	0.0042815493
4537	-0.015986801
4537.05	0.071624587
4537.1	0.70280885
4537.15	1.3742779
4537.2	2.5010185
4537.25	3.570714
4537.3	4.9593598
4537.35	6.1256853
4537.4	7.4504092
4537.45	8.4065232
4537.5	9.3726296
4537.55	9.7999021
4537.6	10.11352
4537.65	9.8542724
4537.7	9.5080524
4537.75	8.7069491
4537.8	8.0172122
4537.85	7.1010673
4537.9	6.5261669
4537.95	5.9393316
4538	5.8511936
4538.05	5.7903103
4538.1	6.1327377
4538.15	6.3046426
4538.2	6.6026701
4538.25	6.4084504
4538.3	6.0587907
4538.35	5.0552609
4538.4	3.8851877
4538.45	2.1544229
4538.5	0.46893519
4538.55	-1.4327586
4538.6	-2.9485834
4538.65	-4.3962615
4538.7	-5.194418
4538.75	-5.7426307
4538.8	-5.5978587
4538.85	-5.249656
4538.9	-4.2791685
4538.95	-3.2017486
4539	-1.6410246
4539.05	-0.1263936
4539.1	1.7350081
4539.15	3.399162
4539.2	5.2563782
4539.25	6.7821798
4539.3	8.3698419
4539.35	9.5097954
4539.4	10.654205
4539.45	11.308308
4539.5	11.92636
4539.55	12.08341
4539.6	12.254182
4539.65	12.006842
4539.7	11.841779
4539.75	11.323035
4539.8	10.935832
4539.85	10.231468
4539.9	9.6710782
4539.95	8.7914054
4540	8.0650795
4540.05	7.0593141
4540.1	6.256953
4540.15	5.2338156
4540.2	4.5027316
4540.25	3.6706324
4540.3	3.2522067
4540.35	2.8358288
4540.4	2.9082714
4540.45	3.0162921
4540.5	3.6144695
4540.55	4.2056896
4540.6	5.2027742
4540.65	6.0964306
4540.7	7.2916789
4540.75	8.2655616
4540.8	9.4357744
4540.85	10.309778
4540.9	11.294061
4540.95	11.877565
4541	12.48396
4541.05	12.617744
4541.1	12.69528
4541.15	12.259327
4541.2	11.784462
4541.25	10.823235
4541.3	9.8876708
4541.35	8.6004505
4541.4	7.482623
4541.45	6.1359664
4541.5	5.1002528
4541.55	3.9629059
4541.6	3.1911297
4541.65	2.3086834
4541.7	1.7553542
4541.75	1.0234358
4541.8	0.52903673
4541.85	-0.23830246
4541.9	-0.81365348
4541.95	-1.6609865
4542	-2.2785245
4542.05	-3.0769515
4542.1	-3.5308548
4542.15	-4.0536568
4542.2	-4.1476411
4542.25	-4.2750671
4542.3	-4.0053952
4542.35	-3.8656641
4542.4	-3.4442512
4542.45	-3.2495513
4542.5	-2.8525317
4542.55	-2.7240544
4542.6	-2.4071128
4542.65	-2.3317643
4542.7	-2.0222092
4542.75	-1.9230253
4542.8	-1.5334
4542.85	-1.3159361
4542.9	-0.82895456
4542.95	-0.55154056
4543	-0.051272012
4543.05	0.19108507
4543.1	0.60426201
4543.15	0.69000709
4543.2	0.89882158
4543.25	0.75464526
4543.3	0.70174336
4543.35	0.26415391
4543.4	-0.11123577
4543.45	-0.89383375
4543.5	-1.6294698
4543.55	-2.760622
4543.6	-3.7624165
4543.65	-5.0453021
4543.7	-6.0817775
4543.75	-7.2376883
4543.8	-7.9910397
4543.85	-8.7888524
4543.9	-9.1668337
4543.95	-9.5778701
4544	-9.6251176
4544.05	-9.8263663
4544.1	-9.729548
4544.15	-9.7867023
4544.2	-9.5623653
4544.25	-9.4672368
4544.3	-8.9905995
4544.35	-8.580871
4544.4	-7.7595894
4544.45	-6.9593716
4544.5	-5.7386507
4544.55	-4.6271543
4544.6	-3.2223039
4544.65	-2.0364016
4544.7	-0.72394932
4544.75	0.16005681
4544.8	1.0259583
4544.85	1.3629741
4544.9	1.5726435
4544.95	1.1964676
4545	0.73247968
4545.05	-0.25373496
4545.1	-1.2674372
4545.15	-2.6974454
4545.2	-4.0427364
4545.25	-5.7144119
4545.3	-7.1607081
4545.35	-8.7739683
4545.4	-10.037636
4545.45	-11.336375
4545.5	-12.133104
4545.55	-12.846959
4545.6	-13.000612
4545.65	-13.055484
4545.7	-12.589049
4545.75	-12.126104
4545.8	-11.285945
4545.85	-10.612395
4545.9	-9.7179454
4545.95	-9.1155411
4546	-8.3772498
4546.05	-7.9692188
4546.1	-7.4214108
4546.15	-7.1522765
4546.2	-6.6559993
4546.25	-6.3472765
4546.3	-5.7300336
4546.35	-5.2280497
4546.4	-4.3517212
4546.45	-3.5867022
4546.5	-2.4930866
4546.55	-1.5875425
4546.6	-0.49674734
4546.65	0.22156536
4546.7	0.96044382
4546.75	1.191805
4546.8	1.3192505
4546.85	0.87968329
4546.9	0.36471803
4546.95	-0.62617374
4547	-1.5429207
4547.05	-2.7217461
4547.1	-3.6069387
4547.15	-4.5678099
4547.2	-5.0651076
4547.25	-5.4860849
4547.3	-5.3756694
4547.35	-5.2068182
4547.4	-4.5610204
4547.45	-3.9851851
4547.5	-3.1164246
4547.55	-2.4857342
4547.6	-1.7314469
4547.65	-1.3829854
4547.7	-0.99784672
4547.75	-1.0341347
4547.8	-0.99019004
4547.85	-1.261554
4547.9	-1.2991398
4547.95	-1.4901225
4548	-1.2927028
4548.05	-1.1085978
4548.1	-0.45593461
4548.15	0.22143485
4548.2	1.3759796
4548.25	2.5027539
4548.3	4.0008951
4548.35	5.3146803
4548.4	6.8117924
4548.45	7.9300888
4548.5	9.0242695
4548.55	9.5733531
4548.6	10.023578
4548.65	9.9261529
4548.7	9.7480575
4548.75	9.0935316
4548.8	8.483553
4548.85	7.514955
4548.9	6.7043251
4548.95	5.6659872
4549	4.9082342
4549.05	4.0086755
4549.1	3.4636892
4549.15	2.8225086
4549.2	2.5763702
4549.25	2.2695405
4549.3	2.313527
4549.35	2.2165854
4549.4	2.4188228
4549.45	2.4217314
4549.5	2.6496087
4549.55	2.6488524
4549.6	2.8841149
4549.65	2.8816952
4549.7	3.1174747
4549.75	3.1740496
4549.8	3.509999
4549.85	3.6770258
4549.9	4.1538809
4549.95	4.4732036
4550	5.050923
4550.05	5.3880315
4550.1	5.9081855
4550.15	6.0547629
4550.2	6.199193
4550.25	5.8092562
4550.3	5.2921382
4550.35	4.1429045
4550.4	2.8260511
4550.45	0.93260974
4550.5	-0.99667528
4550.55	-3.3381268
4550.6	-5.4961049
4550.65	-7.8283099
4550.7	-9.780469
4550.75	-11.737209
4550.8	-13.173933
4550.85	-14.527816
4550.9	-15.335171
4550.95	-16.056694
4551	-16.254934
4551.05	-16.453962
4551.1	-16.2172
4551.15	-16.034124
4551.2	-15.490669
4551.25	-15.070523
4551.3	-14.294752
4551.35	-13.604546
4551.4	-12.541118
4551.45	-11.530677
4551.5	-10.08202
4551.55	-8.6898917
4551.6	-6.912386
4551.65	-5.2550984
4551.7	-3.3074364
4551.75	-1.5842387
4551.8	0.31245188
4551.85	1.8699712
4551.9	3.5322533
4551.95	4.824349
4552	6.1705022
4552.05	7.0794361
4552.1	8.0178079
4552.15	8.5134848
4552.2	8.9960035
4552.25	9.0134742
4552.3	9.0577412
4552.35	8.6880846
4552.4	8.3872831
4552.45	7.7518228
4552.5	7.2854515
4552.55	6.5315871
4552.6	5.9675054
4552.65	5.1640506
4552.7	4.5806923
4552.75	3.7247758
4552.8	3.0664514
4552.85	2.1779214
4552.9	1.5256488
4552.95	0.63125707
4553	-0.0087944244
4553.05	-0.82290907
4553.1	-1.351572
4553.15	-2.0421365
4553.2	-2.4035312
4553.25	-2.8613831
4553.3	-2.9408112
4553.35	-3.0732549
4553.4	-2.7813224
4553.45	-2.4873554
4553.5	-1.7425729
4553.55	-1.0123761
4553.6	0.15357157
4553.65	1.281324
4553.7	2.7793416
4553.75	4.1188958
4553.8	5.6651331
4553.85	6.8776275
4553.9	8.1233793
4553.95	8.8855707
4554	9.564435
4554.05	9.6675407
4554.1	9.6789746
4554.15	9.1617715
4554.2	8.6317707
4554.25	7.7048759
4554.3	6.9245994
4554.35	5.8902696
4554.4	5.1019799
4554.45	4.1599309
4554.5	3.5371951
4554.55	2.7867764
4554.6	2.386061
4554.65	1.8751262
4554.7	1.7158062
4554.75	1.4278687
4554.8	1.4750248
4554.85	1.404644
4554.9	1.6777274
4554.95	1.8306755
4555	2.3313669
4555.05	2.7233706
4555.1	3.4469211
4555.15	4.0417329
4555.2	4.9333852
4555.25	5.6344518
4555.3	6.5918583
4555.35	7.3005516
4555.4	8.1852808
4555.45	8.7778342
4555.5	9.5200892
4555.55	9.9200797
4555.6	10.429421
4555.65	10.584845
4555.7	10.822728
4555.75	10.641924
4555.8	10.490585
4555.85	9.9204026
4555.9	9.3930016
4555.95	8.4557935
4556	7.6320549
4556.05	6.5338868
4556.1	5.6626197
4556.15	4.623118
4556.2	3.9446185
4556.25	3.2250111
4556.3	2.936141
4556.35	2.641847
4556.4	2.8010565
4556.45	2.9437667
4556.5	3.5013764
4556.55	3.9762684
4556.6	4.7966573
4556.65	5.4652109
4556.7	6.3974568
4556.75	7.10785
4556.8	8.0051244
4556.85	8.6249326
4556.9	9.4203464
4556.95	9.9406509
4557	10.664479
4557.05	11.18019
4557.1	11.980279
4557.15	12.640341
4557.2	13.648947
4557.25	14.562853
4557.3	15.854831
4557.35	17.045924
4557.4	18.584228
4557.45	20.00366
4557.5	21.731841
4557.55	23.27223
4557.6	25.05878
4557.65	26.624006
4557.7	28.403829
4557.75	29.913577
4557.8	31.603082
4557.85	33.006436
4557.9	34.554461
4557.95	35.738738
4558	37.014566
4558.05	37.883241
4558.1	38.763903
4558.15	39.173888
4558.2	39.609494
4558.25	39.641949
4558.3	39.73653
4558.35	39.489386
4558.4	39.412474
4558.45	39.063699
4558.5	38.884281
4558.55	38.435748
4558.6	38.143182
4558.65	37.514205
4558.7	37.019645
4558.75	36.186941
4558.8	35.463757
4558.85	34.39136
4558.9	33.44182
4558.95	32.125779
4559	30.911421
4559.05	29.330637
4559.1	27.861973
4559.15	26.048145
4559.2	24.38351
4559.25	22.417261
4559.3	20.632119
4559.35	18.583708
4559.4	16.730668
4559.45	14.581489
4559.5	12.554098
4559.55	10.141243
4559.6	7.7619938
4559.65	4.9281696
4559.7	2.091818
4559.75	-1.1857085
4559.8	-4.4253776
4559.85	-8.0317692
4559.9	-11.450677
4559.95	-15.029303
4560	-18.22819
4560.05	-21.416535
4560.1	-24.04526
4560.15	-26.534698
4560.2	-28.423421
4560.25	-30.17054
4560.3	-31.324148
4560.35	-32.405426
4560.4	-33.000008
4560.45	-33.615644
4560.5	-33.836527
4560.55	-34.160955
4560.6	-34.157109
4560.65	-34.315662
4560.7	-34.19976
4560.75	-34.294141
4560.8	-34.150308
4560.85	-34.222983
4560.9	-34.056126
4560.95	-34.097098
4561	-33.87104
4561.05	-33.84785
4561.1	-33.541029
4561.15	-33.430628
4561.2	-33.062519
4561.25	-32.924587
4561.3	-32.575685
4561.35	-32.487878
4561.4	-32.236171
4561.45	-32.314441
4561.5	-32.272573
4561.55	-32.555366
4561.6	-32.694974
4561.65	-33.13059
4561.7	-33.342724
4561.75	-33.729749
4561.8	-33.799917
4561.85	-33.973306
4561.9	-33.740393
4561.95	-33.558396
4562	-32.990024
4562.05	-32.531104
4562.1	-31.776528
4562.15	-31.26934
4562.2	-30.639161
4562.25	-30.42818
4562.3	-30.227251
4562.35	-30.522721
4562.4	-30.866396
4562.45	-31.690012
4562.5	-32.495942
4562.55	-33.662151
4562.6	-34.664203
4562.65	-35.892978
4562.7	-36.811522
4562.75	-37.829741
4562.8	-38.459652
4562.85	-39.160034
4562.9	-39.493017
4562.95	-39.939779
4563	-40.107712
4563.05	-40.51447
4563.1	-40.747954
4563.15	-41.315646
4563.2	-41.789368
4563.25	-42.636664
4563.3	-43.360102
4563.35	-44.365128
4563.4	-45.124498
4563.45	-45.99702
4563.5	-46.417246
4563.55	-46.755296
4563.6	-46.479807
4563.65	-46.000323
4563.7	-44.852171
4563.75	-43.517917
4563.8	-41.604683
4563.85	-39.654295
4563.9	-37.313347
4563.95	-35.140641
4564	-32.75663
4564.05	-30.683839
4564.1	-28.485117
4564.15	-26.635792
4564.2	-24.645955
4564.25	-22.925083
4564.3	-20.988769
4564.35	-19.286645
4564.4	-17.322393
4564.45	-15.544772
4564.5	-13.526875
4564.55	-11.742429
4564.6	-9.753011
4564.65	-8.0772541
4564.7	-6.3369368
4564.75	-5.025378
4564.8	-3.7270454
4564.85	-2.9673219
4564.9	-2.3231676
4564.95	-2.2629974
4565	-2.304812
4565.05	-2.8962422
4565.1	-3.5066274
4565.15	-4.523532
4565.2	-5.3988214
4565.25	-6.495968
4565.3	-7.244947
4565.35	-8.0201585
4565.4	-8.2901941
4565.45	-8.4935897
4565.5	-8.1343947
4565.55	-7.6964715
4565.6	-6.7560028
4565.65	-5.8269856
4565.7	-4.5199549
4565.75	-3.3976958
4565.8	-2.0445276
4565.85	-0.97969479
4565.9	0.19446662
4565.95	1.0065331
4566	1.9217061
4566.05	2.4778134
4566.1	3.1411351
4566.15	3.4900995
4566.2	4.006529
4566.25	4.2520921
4566.3	4.712809
4566.35	4.9529155
4566.4	5.4336183
4566.45	5.6661431
4566.5	6.0992878
4566.55	6.2580203
4566.6	6.5554985
4566.65	6.4826157
4566.7	6.5104029
4566.75	6.1880648
4566.8	5.966413
4566.85	5.420585
4566.9	5.0817512
4566.95	4.5301032
4567	4.2596397
4567.05	3.8986443
4567.1	3.9479223
4567.15	3.9613111
4567.2	4.4141325
4567.25	4.8510958
4567.3	5.6926593
4567.35	6.4524501
4567.4	7.5449578
4567.45	8.468603
4567.5	9.6241436
4567.55	10.524141
4567.6	11.608185
4567.65	12.394774
4567.7	13.332606
4567.75	13.947656
4567.8	14.707639
4567.85	15.125319
4567.9	15.652402
4567.95	15.802941
4568	16.009235
4568.05	15.796738
4568.1	15.625824
4568.15	15.056067
4568.2	14.578414
4568.25	13.751309
4568.3	13.06476
4568.35	12.082183
4568.4	11.289513
4568.45	10.262156
4568.5	9.4822151
4568.55	8.5234794
4568.6	7.88496
4568.65	7.1265835
4568.7	6.7315176
4568.75	6.2690963
4568.8	6.2525569
4568.85	6.2239511
4568.9	6.6491631
4568.95	7.078517
4569	7.9917278
4569.05	8.9014257
4569.1	10.251813
4569.15	11.573819
4569.2	13.296328
4569.25	14.894647
4569.3	16.774424
4569.35	18.42236
4569.4	20.226464
4569.45	21.665236
4569.5	23.144692
4569.55	24.128167
4569.6	25.031437
4569.65	25.381891
4569.7	25.606356
4569.75	25.236476
4569.8	24.772816
4569.85	23.808885
4569.9	22.863706
4569.95	21.553209
4570	20.416648
4570.05	19.067429
4570.1	18.018302
4570.15	16.861543
4570.2	16.084743
4570.25	15.225326
4570.3	14.736812
4570.35	14.149466
4570.4	13.910782
4570.45	13.526551
4570.5	13.436708
4570.55	13.170261
4570.6	13.17144
4570.65	12.964271
4570.7	13.004629
4570.75	12.83796
4570.8	12.924467
4570.85	12.804988
4570.9	12.947945
4570.95	12.91113
4571	13.164611
4571.05	13.260593
4571.1	13.675832
4571.15	13.937493
4571.2	14.493004
4571.25	14.854104
4571.3	15.457338
4571.35	15.796768
4571.4	16.274005
4571.45	16.362032
4571.5	16.479767
4571.55	16.123224
4571.6	15.738583
4571.65	14.8427
4571.7	13.927095
4571.75	12.589689
4571.8	11.340557
4571.85	9.7715318
4571.9	8.4025942
4571.95	6.8152263
4572	5.5147808
4572.05	4.0914428
4572.1	3.0503718
4572.15	1.9495611
4572.2	1.297245
4572.25	0.67426626
4572.3	0.56056114
4572.35	0.50873064
4572.4	1.0054135
4572.45	1.5920319
4572.5	2.6908839
4572.55	3.7935795
4572.6	5.303919
4572.65	6.6923347
4572.7	8.3214571
4572.75	9.6523415
4572.8	11.080114
4572.85	12.071089
4572.9	13.022506
4572.95	13.444444
4573	13.806115
4573.05	13.649482
4573.1	13.456751
4573.15	12.825189
4573.2	12.265239
4573.25	11.368537
4573.3	10.653978
4573.35	9.7139874
4573.4	9.0458503
4573.45	8.2274533
4573.5	7.7479205
4573.55	7.1631639
4573.6	6.9478296
4573.65	6.6454469
4573.7	6.7278341
4573.75	6.7089741
4573.8	7.0206174
4573.85	7.1568814
4573.9	7.5605004
4573.95	7.7152229
4574	8.024225
4574.05	8.016229
4574.1	8.1128445
4574.15	7.8256561
4574.2	7.6359285
4574.25	7.1159009
4574.3	6.7513621
4574.35	6.1244807
4574.4	5.7561156
4574.45	5.2301176
4574.5	5.0459084
4574.55	4.7582097
4574.6	4.861878
4574.65	4.8918203
4574.7	5.3041659
4574.75	5.6154104
4574.8	6.2621509
4574.85	6.7554617
4574.9	7.5215289
4574.95	8.0762887
4575	8.8503073
4575.05	9.3540939
4575.1	10.031621
4575.15	10.400569
4575.2	10.922457
4575.25	11.152713
4575.3	11.580482
4575.35	11.743772
4575.4	12.15233
4575.45	12.42016
4575.5	13.0124
4575.55	13.462362
4575.6	14.228802
4575.65	14.824553
4575.7	15.618865
4575.75	16.094828
4575.8	16.650471
4575.85	16.751718
4575.9	16.826475
4575.95	16.408429
4576	15.989756
4576.05	15.140162
4576.1	14.384093
4576.15	13.345473
4576.2	12.561958
4576.25	11.637962
4576.3	11.076141
4576.35	10.460471
4576.4	10.277947
4576.45	10.081164
4576.5	10.313078
4576.55	10.47861
4576.6	11.004964
4576.65	11.387104
4576.7	12.026687
4576.75	12.413726
4576.8	12.978413
4576.85	13.221355
4576.9	13.571532
4576.95	13.567083
4577	13.672776
4577.05	13.447312
4577.1	13.364887
4577.15	13.004411
4577.2	12.834608
4577.25	12.410122
4577.3	12.234593
4577.35	11.853192
4577.4	11.7441
4577.45	11.455564
4577.5	11.441702
4577.55	11.242655
4577.6	11.300542
4577.65	11.14396
4577.7	11.191025
4577.75	10.940678
4577.8	10.875292
4577.85	10.493796
4577.9	10.251225
4577.95	9.7209615
4578	9.3947633
4578.05	8.8150603
4578.1	8.4786794
4578.15	7.9850111
4578.2	7.8141558
4578.25	7.5253775
4578.3	7.6052126
4578.35	7.5994459
4578.4	7.922709
4578.45	8.0850032
4578.5	8.4977154
4578.55	8.6578699
4578.6	8.9974718
4578.65	9.0177575
4578.7	9.1472589
4578.75	8.9405286
4578.8	8.8748176
4578.85	8.4929614
4578.9	8.2937485
4578.95	7.8717339
4579	7.7219778
4579.05	7.4100485
4579.1	7.4552714
4579.15	7.4112199
4579.2	7.713091
4579.25	7.8813456
4579.3	8.3533549
4579.35	8.5951676
4579.4	9.0079544
4579.45	9.0863875
4579.5	9.2266347
4579.55	8.9484576
4579.6	8.7019337
4579.65	8.0579358
4579.7	7.5147049
4579.75	6.6639372
4579.8	6.0336792
4579.85	5.2428125
4579.9	4.8071916
4579.95	4.3251237
4580	4.2803664
4580.05	4.2237792
4580.1	4.6075391
4580.15	4.9556727
4580.2	5.6770754
4580.25	6.2618908
4580.3	7.1336954
4580.35	7.7839729
4580.4	8.6454542
4580.45	9.224094
4580.5	9.9606237
4580.55	10.390147
4580.6	10.968868
4580.65	11.230261
4580.7	11.637492
4580.75	11.73561
4580.8	11.991206
4580.85	11.927977
4580.9	12.011891
4580.95	11.785269
4581	11.682754
4581.05	11.234188
4581.1	10.911116
4581.15	10.239666
4581.2	9.6584434
4581.25	8.7012643
4581.3	7.8465779
4581.35	6.654768
4581.4	5.6010425
4581.45	4.2715055
4581.5	3.1902748
4581.55	1.9485239
4581.6	1.0615459
4581.65	0.10533863
4581.7	-0.40296132
4581.75	-0.87835941
4581.8	-0.85525249
4581.85	-0.81712962
4581.9	-0.30408433
4581.95	0.1741155
4582	1.006755
4582.05	1.6772836
4582.1	2.5969651
4582.15	3.2407719
4582.2	4.0142221
4582.25	4.4254427
4582.3	4.9296749
4582.35	5.0787562
4582.4	5.3452816
4582.45	5.2957157
4582.5	5.4375933
4582.55	5.3510019
4582.6	5.5239573
4582.65	5.5147472
4582.7	5.8213368
4582.75	5.9589078
4582.8	6.3605608
4582.85	6.5627709
4582.9	6.9939966
4582.95	7.1367095
4583	7.4254409
4583.05	7.3759743
4583.1	7.4145023
4583.15	7.0901414
4583.2	6.8863233
4583.25	6.3812398
4583.3	6.071446
4583.35	5.5512297
4583.4	5.3227685
4583.45	4.9518696
4583.5	4.9240659
4583.55	4.7797073
4583.6	4.9580778
4583.65	4.9832712
4583.7	5.3033328
4583.75	5.427545
4583.8	5.7813489
4583.85	5.9011423
4583.9	6.2555706
4583.95	6.3714122
4584	6.6970532
4584.05	6.7857014
4584.1	7.1006617
4584.15	7.1668774
4584.2	7.4320394
4584.25	7.4670108
4584.3	7.7274662
4584.35	7.7398223
4584.4	7.9822476
4584.45	7.9904714
4584.5	8.2071094
4584.55	8.1690757
4584.6	8.3454881
4584.65	8.2445392
4584.7	8.2895516
4584.75	8.0090112
4584.8	7.8715475
4584.85	7.3952194
4584.9	7.0494733
4584.95	6.3858665
4585	5.8686502
4585.05	5.0539453
4585.1	4.4460607
4585.15	3.6142171
4585.2	3.0407738
4585.25	2.2985233
4585.3	1.8653868
4585.35	1.3004792
4585.4	1.1001563
4585.45	0.80730068
4585.5	0.87320533
4585.55	0.83435213
4585.6	1.1578758
4585.65	1.3647663
4585.7	1.8735291
4585.75	2.1992257
4585.8	2.7780897
4585.85	3.1000417
4585.9	3.5781029
4585.95	3.7434152
4586	4.0470203
4586.05	3.994449
4586.1	4.0573022
4586.15	3.7994017
4586.2	3.6967971
4586.25	3.2994205
4586.3	3.0922395
4586.35	2.6175995
4586.4	2.3389459
4586.45	1.8200838
4586.5	1.5137293
4586.55	0.95114048
4586.6	0.60729476
4586.65	0.04721298
4586.7	-0.26913836
4586.75	-0.78513591
4586.8	-1.0111478
4586.85	-1.3802423
4586.9	-1.4270464
4586.95	-1.606317
4587	-1.4504476
4587.05	-1.439926
4587.1	-1.1204245
4587.15	-0.98372391
4587.2	-0.56855424
4587.25	-0.35050917
4587.3	0.10057372
4587.35	0.30279019
4587.4	0.72272477
4587.45	0.89639501
4587.5	1.2714736
4587.55	1.386453
4587.6	1.7190377
4587.65	1.8082461
4587.7	2.0819944
4587.75	2.0754309
4587.8	2.2499102
4587.85	2.1229008
4587.9	2.15892
4587.95	1.8964196
4588	1.7926836
4588.05	1.410725
4588.1	1.2183789
4588.15	0.77480901
4588.2	0.5612942
4588.25	0.12153603
4588.3	-0.072989661
4588.35	-0.47436666
4588.4	-0.61224192
4588.45	-0.97176753
4588.5	-1.1120789
4588.55	-1.5056187
4588.6	-1.6987828
4588.65	-2.1642619
4588.7	-2.4536918
4588.75	-3.0167845
4588.8	-3.3844889
4588.85	-4.0034803
4588.9	-4.4092379
4588.95	-5.0173016
4589	-5.3466498
4589.05	-5.8391212
4589.1	-6.0159788
4589.15	-6.3255748
4589.2	-6.3105629
4589.25	-6.4255482
4589.3	-6.2231202
4589.35	-6.1878095
4589.4	-5.8572299
4589.45	-5.7067157
4589.5	-5.3037648
4589.55	-5.1407735
4589.6	-4.7728281
4589.65	-4.6758966
4589.7	-4.3921906
4589.75	-4.3606093
4589.8	-4.1142413
4589.85	-4.1219699
4589.9	-3.8944909
4589.95	-3.863203
4590	-3.5838763
4590.05	-3.5085219
4590.1	-3.1674229
4590.15	-3.031162
4590.2	-2.662871
4590.25	-2.5343464
4590.3	-2.1731687
4590.35	-2.0625481
4590.4	-1.7476302
4590.45	-1.6656045
4590.5	-1.3283614
4590.55	-1.2136844
4590.6	-0.83370082
4590.65	-0.61864803
4590.7	-0.091738681
4590.75	0.28148683
4590.8	0.9811692
4590.85	1.5723775
4590.9	2.5136561
4590.95	3.328487
4591	4.501185
4591.05	5.5597664
4591.1	6.9498373
4591.15	8.1663744
4591.2	9.649658
4591.25	10.90344
4591.3	12.325559
4591.35	13.40832
4591.4	14.574211
4591.45	15.326325
4591.5	16.116838
4591.55	16.480806
4591.6	16.892429
4591.65	16.938309
4591.7	17.130213
4591.75	17.029199
4591.8	17.130432
4591.85	17.015262
4591.9	17.183744
4591.95	17.173537
4592	17.460288
4592.05	17.580778
4592.1	17.959047
4592.15	18.121228
4592.2	18.501339
4592.25	18.627751
4592.3	18.936049
4592.35	18.956764
4592.4	19.151513
4592.45	19.100657
4592.5	19.275748
4592.55	19.224327
4592.6	19.433566
4592.65	19.481064
4592.7	19.818838
4592.75	19.994339
4592.8	20.481009
4592.85	20.812393
4592.9	21.414319
4592.95	21.820088
4593	22.449695
4593.05	22.802863
4593.1	23.318585
4593.15	23.504954
4593.2	23.805092
4593.25	23.773982
4593.3	23.861661
4593.35	23.613658
4593.4	23.510639
4593.45	23.123493
4593.5	22.920146
4593.55	22.473991
4593.6	22.260818
4593.65	21.85263
4593.7	21.697275
4593.75	21.358824
4593.8	21.256026
4593.85	20.945137
4593.9	20.848077
4593.95	20.515971
4594	20.341429
4594.05	19.889909
4594.1	19.581037
4594.15	19.005204
4594.2	18.563836
4594.25	17.880024
4594.3	17.375546
4594.35	16.668999
4594.4	16.168437
4594.45	15.516679
4594.5	15.092767
4594.55	14.539869
4594.6	14.228051
4594.65	13.797672
4594.7	13.592999
4594.75	13.263321
4594.8	13.118806
4594.85	12.809376
4594.9	12.640949
4594.95	12.278644
4595	12.00791
4595.05	11.535107
4595.1	11.142159
4595.15	10.545774
4595.2	10.0392
4595.25	9.3729146
4595.3	8.8257341
4595.35	8.1521847
4595.4	7.6237248
4595.45	7.0071207
4595.5	6.5257004
4595.55	5.9488451
4595.6	5.5022256
4595.65	4.97667
4595.7	4.5598854
4595.75	4.0561146
4595.8	3.6553597
4595.85	3.1721124
4595.9	2.7945126
4595.95	2.3667349
4596	2.058426
4596.05	1.717732
4596.1	1.5017267
4596.15	1.2689035
4596.2	1.1523091
4596.25	1.020534
4596.3	0.98669413
4596.35	0.9247741
4596.4	0.93697208
4596.45	0.90790681
4596.5	0.92657877
4596.55	0.8958858
4596.6	0.89607777
4596.65	0.84230142
4596.7	0.81055448
4596.75	0.73232859
4596.8	0.67631366
4596.85	0.58377246
4596.9	0.51484166
4596.95	0.42285597
4597	0.35588138
4597.05	0.2739222
4597.1	0.21698115
4597.15	0.15293273
4597.2	0.11223379
4597.25	0.066643748
4597.3	0.039929642
4597.35	0.011173714
4597.4	-0.0032451241
4597.45	-0.018860348
4597.5	-0.023837078
4597.55	-0.029257202
4597.6	-0.027908724
4597.65	-0.026622903
4597.7	-0.021296501
4597.75	-0.016300844
4597.8	-0.01014773
4597.85	-0.0051491072
4597.9	-0.0013817092
4597.95	0
