# Menlo Systems GmbH TERAScan++
# Program Version 1.0.96
# Start: 3242 ps, Average over 67108 waveforms. Timestamp: 2017-10-16T16:09:43
# Window type: Tukey, parameters: alpha = 0.1
# Time [ps]	THz Signal [a.u.]
3242	0
3242.05	3.6327909e-06
3242.1	1.4906636e-05
3242.15	6.5178065e-05
3242.2	0.00011000121
3242.25	0.00016680089
3242.3	0.00016383715
3242.35	0.00021507689
3242.4	0.00012776216
3242.45	9.0566204e-05
3242.5	-0.00010855118
3242.55	0.00011424412
3242.6	0.00010493495
3242.65	4.0235287e-05
3242.7	-0.00037219884
3242.75	-0.0007681106
3242.8	-0.0021110328
3242.85	-0.0035545419
3242.9	-0.0055950887
3242.95	-0.0077609084
3243	-0.011485115
3243.05	-0.015439161
3243.1	-0.019306656
3243.15	-0.023997591
3243.2	-0.029373157
3243.25	-0.034859815
3243.3	-0.043383858
3243.35	-0.050417779
3243.4	-0.058596866
3243.45	-0.064973835
3243.5	-0.074646185
3243.55	-0.084653149
3243.6	-0.09694099
3243.65	-0.10721131
3243.7	-0.12015897
3243.75	-0.13065468
3243.8	-0.14373585
3243.85	-0.15526116
3243.9	-0.16726719
3243.95	-0.17926131
3244	-0.19374148
3244.05	-0.20510249
3244.1	-0.21529871
3244.15	-0.22253416
3244.2	-0.2277703
3244.25	-0.23020274
3244.3	-0.23702153
3244.35	-0.23964459
3244.4	-0.23978805
3244.45	-0.23087009
3244.5	-0.22296744
3244.55	-0.21422425
3244.6	-0.2040183
3244.65	-0.19024112
3244.7	-0.17680263
3244.75	-0.15863793
3244.8	-0.14270777
3244.85	-0.12371519
3244.9	-0.10735058
3244.95	-0.086861769
3245	-0.065451329
3245.05	-0.040830955
3245.1	-0.020348911
3245.15	0.0060870017
3245.2	0.028363353
3245.25	0.049431141
3245.3	0.065243167
3245.35	0.080694284
3245.4	0.085428209
3245.45	0.089346443
3245.5	0.080478389
3245.55	0.070175157
3245.6	0.051165903
3245.65	0.030421605
3245.7	0.0033916518
3245.75	-0.02434716
3245.8	-0.05565163
3245.85	-0.087246588
3245.9	-0.13369417
3245.95	-0.19042775
3246	-0.25359948
3246.05	-0.3138548
3246.1	-0.39154512
3246.15	-0.46989019
3246.2	-0.55444879
3246.25	-0.63222985
3246.3	-0.71710013
3246.35	-0.79550074
3246.4	-0.88078356
3246.45	-0.95839243
3246.5	-1.0320387
3246.55	-1.1006829
3246.6	-1.1675554
3246.65	-1.2258419
3246.7	-1.2768851
3246.75	-1.314678
3246.8	-1.3458971
3246.85	-1.3615329
3246.9	-1.3785015
3246.95	-1.3854654
3247	-1.3943536
3247.05	-1.3889134
3247.1	-1.3787774
3247.15	-1.3543263
3247.2	-1.3298078
3247.25	-1.2948855
3247.3	-1.2601964
3247.35	-1.2184123
3247.4	-1.1791057
3247.45	-1.1261907
3247.5	-1.0771192
3247.55	-1.0210344
3247.6	-0.96137219
3247.65	-0.88612599
3247.7	-0.81239231
3247.75	-0.73652356
3247.8	-0.67115779
3247.85	-0.59832952
3247.9	-0.53656221
3247.95	-0.46834513
3248	-0.40938229
3248.05	-0.35661636
3248.1	-0.30943208
3248.15	-0.26300633
3248.2	-0.22918133
3248.25	-0.19589703
3248.3	-0.18362961
3248.35	-0.16867596
3248.4	-0.16601292
3248.45	-0.17017028
3248.5	-0.19178333
3248.55	-0.20769424
3248.6	-0.23490394
3248.65	-0.27043108
3248.7	-0.31470949
3248.75	-0.35159225
3248.8	-0.40808624
3248.85	-0.46558933
3248.9	-0.52367677
3248.95	-0.5710134
3249	-0.62918088
3249.05	-0.6861419
3249.1	-0.7463767
3249.15	-0.7970021
3249.2	-0.84180211
3249.25	-0.87830651
3249.3	-0.9102652
3249.35	-0.93710201
3249.4	-0.97493611
3249.45	-1.0044018
3249.5	-1.0321495
3249.55	-1.0499563
3249.6	-1.070382
3249.65	-1.0829295
3249.7	-1.0986203
3249.75	-1.0990483
3249.8	-1.0953702
3249.85	-1.0811992
3249.9	-1.0698736
3249.95	-1.0506321
3250	-1.0326134
3250.05	-1.0149226
3250.1	-0.98741863
3250.15	-0.95020027
3250.2	-0.91360991
3250.25	-0.87461392
3250.3	-0.84413908
3250.35	-0.81393301
3250.4	-0.78354549
3250.45	-0.74638806
3250.5	-0.72081456
3250.55	-0.6881551
3250.6	-0.670834
3250.65	-0.64267023
3250.7	-0.62102125
3250.75	-0.60060055
3250.8	-0.58579515
3250.85	-0.56877783
3250.9	-0.56152952
3250.95	-0.54775323
3251	-0.53721159
3251.05	-0.52785459
3251.1	-0.52403876
3251.15	-0.51238252
3251.2	-0.50679133
3251.25	-0.49715648
3251.3	-0.49196774
3251.35	-0.48169942
3251.4	-0.47488221
3251.45	-0.46736468
3251.5	-0.46215003
3251.55	-0.44908815
3251.6	-0.43764702
3251.65	-0.42972567
3251.7	-0.43453514
3251.75	-0.43181435
3251.8	-0.4431659
3251.85	-0.45404314
3251.9	-0.47058525
3251.95	-0.47878354
3252	-0.49200094
3252.05	-0.4994739
3252.1	-0.51780318
3252.15	-0.52608742
3252.2	-0.53611018
3252.25	-0.53903106
3252.3	-0.54129892
3252.35	-0.54329983
3252.4	-0.55733579
3252.45	-0.55847676
3252.5	-0.5665118
3252.55	-0.57139312
3252.6	-0.5865987
3252.65	-0.60349278
3252.7	-0.6184005
3252.75	-0.62639325
3252.8	-0.63032095
3252.85	-0.63099762
3252.9	-0.63338735
3252.95	-0.62656469
3253	-0.62721817
3253.05	-0.62037322
3253.1	-0.61445643
3253.15	-0.60791117
3253.2	-0.60011806
3253.25	-0.58487291
3253.3	-0.57306434
3253.35	-0.54930075
3253.4	-0.52872363
3253.45	-0.50558123
3253.5	-0.48875628
3253.55	-0.46428646
3253.6	-0.44846832
3253.65	-0.43252104
3253.7	-0.43272659
3253.75	-0.42825454
3253.8	-0.42751694
3253.85	-0.42645645
3253.9	-0.43477389
3253.95	-0.43610086
3254	-0.44789033
3254.05	-0.45592628
3254.1	-0.47028966
3254.15	-0.49219694
3254.2	-0.52308287
3254.25	-0.54923754
3254.3	-0.58327036
3254.35	-0.61676566
3254.4	-0.66064298
3254.45	-0.69597003
3254.5	-0.74859089
3254.55	-0.79236407
3254.6	-0.83482528
3254.65	-0.87275488
3254.7	-0.91368768
3254.75	-0.94981009
3254.8	-0.98840499
3254.85	-1.0286757
3254.9	-1.0727863
3254.95	-1.1146067
3255	-1.1604013
3255.05	-1.1976037
3255.1	-1.2471527
3255.15	-1.2847617
3255.2	-1.3217241
3255.25	-1.3602467
3255.3	-1.40835
3255.35	-1.4487548
3255.4	-1.4985758
3255.45	-1.5474745
3255.5	-1.6050558
3255.55	-1.6580063
3255.6	-1.7116113
3255.65	-1.7579293
3255.7	-1.8176038
3255.75	-1.8625825
3255.8	-1.91965
3255.85	-1.9628524
3255.9	-2.0086793
3255.95	-2.0446084
3256	-2.0774875
3256.05	-2.0872665
3256.1	-2.0713952
3256.15	-2.0144856
3256.2	-1.9157973
3256.25	-1.75265
3256.3	-1.5358283
3256.35	-1.2652928
3256.4	-0.93434984
3256.45	-0.55768686
3256.5	-0.15847402
3256.55	0.26236869
3256.6	0.67114771
3256.65	1.0628253
3256.7	1.3920375
3256.75	1.6605684
3256.8	1.8554483
3256.85	1.9643244
3256.9	1.9752949
3256.95	1.9041706
3257	1.7447673
3257.05	1.5164089
3257.1	1.2234032
3257.15	0.88837513
3257.2	0.51399182
3257.25	0.12147842
3257.3	-0.27342745
3257.35	-0.64690352
3257.4	-1.0010944
3257.45	-1.3191525
3257.5	-1.6165333
3257.55	-1.8773866
3257.6	-2.0990233
3257.65	-2.2704771
3257.7	-2.4135633
3257.75	-2.5167177
3257.8	-2.5952786
3257.85	-2.6423638
3257.9	-2.6754262
3257.95	-2.6911715
3258	-2.703695
3258.05	-2.6952166
3258.1	-2.679217
3258.15	-2.6559736
3258.2	-2.6451951
3258.25	-2.6291418
3258.3	-2.6191941
3258.35	-2.6004746
3258.4	-2.5889617
3258.45	-2.563555
3258.5	-2.5459688
3258.55	-2.5223876
3258.6	-2.5090583
3258.65	-2.4931361
3258.7	-2.4889996
3258.75	-2.476438
3258.8	-2.4675562
3258.85	-2.4573543
3258.9	-2.4565434
3258.95	-2.4555011
3259	-2.4710955
3259.05	-2.4860169
3259.1	-2.5048459
3259.15	-2.5239897
3259.2	-2.5482976
3259.25	-2.5650466
3259.3	-2.5850958
3259.35	-2.6036293
3259.4	-2.6185292
3259.45	-2.6222178
3259.5	-2.6237271
3259.55	-2.6147907
3259.6	-2.6062382
3259.65	-2.5967893
3259.7	-2.6028412
3259.75	-2.6023218
3259.8	-2.6023505
3259.85	-2.6044219
3259.9	-2.6090417
3259.95	-2.6144565
3260	-2.633402
3260.05	-2.6567399
3260.1	-2.6975813
3260.15	-2.7558297
3260.2	-2.8286925
3260.25	-2.8971947
3260.3	-2.973405
3260.35	-3.0450677
3260.4	-3.1205954
3260.45	-3.1928389
3260.5	-3.2715821
3260.55	-3.3354604
3260.6	-3.4070518
3260.65	-3.4689919
3260.7	-3.5300052
3260.75	-3.5657443
3260.8	-3.5892168
3260.85	-3.5665001
3260.9	-3.5096332
3260.95	-3.4121377
3261	-3.274287
3261.05	-3.0955035
3261.1	-2.8794794
3261.15	-2.6122509
3261.2	-2.3218796
3261.25	-2.0152436
3261.3	-1.7132771
3261.35	-1.4074978
3261.4	-1.1201579
3261.45	-0.85606499
3261.5	-0.63090258
3261.55	-0.46321643
3261.6	-0.39050548
3261.65	-0.41119812
3261.7	-0.55218571
3261.75	-0.81264242
3261.8	-1.2042895
3261.85	-1.7128473
3261.9	-2.3491607
3261.95	-3.0851129
3262	-3.9057555
3262.05	-4.7738011
3262.1	-5.6776422
3262.15	-6.5871759
3262.2	-7.4850989
3262.25	-8.3501286
3262.3	-9.1790305
3262.35	-9.9560923
3262.4	-10.678855
3262.45	-11.348101
3262.5	-11.97643
3262.55	-12.566231
3262.6	-13.144529
3262.65	-13.714703
3262.7	-14.295925
3262.75	-14.885456
3262.8	-15.513001
3262.85	-16.173096
3262.9	-16.873459
3262.95	-17.615946
3263	-18.413606
3263.05	-19.266293
3263.1	-20.179513
3263.15	-21.135648
3263.2	-22.150643
3263.25	-23.220172
3263.3	-24.359518
3263.35	-25.554789
3263.4	-26.813493
3263.45	-28.140656
3263.5	-29.564052
3263.55	-31.074749
3263.6	-32.695773
3263.65	-34.425856
3263.7	-36.27291
3263.75	-38.222466
3263.8	-40.253235
3263.85	-42.306246
3263.9	-44.307597
3263.95	-46.10154
3264	-47.465843
3264.05	-48.040427
3264.1	-47.322788
3264.15	-44.616743
3264.2	-39.025844
3264.25	-29.406065
3264.3	-14.448649
3264.35	7.2547281
3264.4	36.957566
3264.45	75.582175
3264.5	123.38428
3264.55	179.70528
3264.6	242.76569
3264.65	309.67116
3264.7	376.5502
3264.75	438.89958
3264.8	492.04823
3264.85	531.67009
3264.9	554.23194
3264.95	557.38553
3265	540.15201
3265.05	503.02685
3265.1	447.82941
3265.15	377.51544
3265.2	295.8571
3265.25	207.08767
3265.3	115.52343
3265.35	25.284381
3265.4	-60.022673
3265.45	-137.4212
3265.5	-204.75822
3265.55	-260.61794
3265.6	-304.35877
3265.65	-335.94636
3265.7	-355.89239
3265.75	-365.07603
3265.8	-364.64625
3265.85	-355.9198
3265.9	-340.31
3265.95	-319.25468
3266	-294.19055
3266.05	-266.51608
3266.1	-237.59584
3266.15	-208.6817
3266.2	-180.90815
3266.25	-155.20447
3266.3	-132.2856
3266.35	-112.55041
3266.4	-96.143231
3266.45	-82.903567
3266.5	-72.471324
3266.55	-64.29314
3266.6	-57.778796
3266.65	-52.325478
3266.7	-47.460395
3266.75	-42.840272
3266.8	-38.306971
3266.85	-33.823954
3266.9	-29.466632
3266.95	-25.344872
3267	-21.630787
3267.05	-18.444881
3267.1	-15.880306
3267.15	-13.9653
3267.2	-12.677617
3267.25	-11.92155
3267.3	-11.578893
3267.35	-11.490039
3267.4	-11.511188
3267.45	-11.463973
3267.5	-11.217865
3267.55	-10.636178
3267.6	-9.6337778
3267.65	-8.1293828
3267.7	-6.0865577
3267.75	-3.5067691
3267.8	-0.4661796
3267.85	2.9127863
3267.9	6.4457212
3267.95	9.9245533
3268	13.119427
3268.05	15.841726
3268.1	17.920844
3268.15	19.279868
3268.2	19.902339
3268.25	19.873832
3268.3	19.35642
3268.35	18.579468
3268.4	17.762625
3268.45	17.103504
3268.5	16.721805
3268.55	16.646603
3268.6	16.800476
3268.65	17.048992
3268.7	17.203611
3268.75	17.109051
3268.8	16.652211
3268.85	15.784362
3268.9	14.552506
3268.95	13.093593
3269	11.57068
3269.05	10.195199
3269.1	9.1171162
3269.15	8.4736654
3269.2	8.3254545
3269.25	8.6842612
3269.3	9.474047
3269.35	10.602297
3269.4	11.899792
3269.45	13.21796
3269.5	14.386758
3269.55	15.291187
3269.6	15.836393
3269.65	15.971871
3269.7	15.659911
3269.75	14.904385
3269.8	13.690207
3269.85	12.043596
3269.9	9.9732655
3269.95	7.5585514
3270	4.8966331
3270.05	2.1425381
3270.1	-0.55667776
3270.15	-3.0243601
3270.2	-5.1129611
3270.25	-6.7075336
3270.3	-7.7317097
3270.35	-8.143335
3270.4	-7.9616484
3270.45	-7.2247149
3270.5	-6.0121291
3270.55	-4.4091159
3270.6	-2.522549
3270.65	-0.44333371
3270.7	1.7324944
3270.75	3.9125071
3270.8	6.0043491
3270.85	7.9328415
3270.9	9.5955066
3270.95	10.922925
3271	11.838826
3271.05	12.344318
3271.1	12.4468
3271.15	12.20479
3271.2	11.685534
3271.25	10.979295
3271.3	10.1669
3271.35	9.3242563
3271.4	8.4948806
3271.45	7.6823689
3271.5	6.8711033
3271.55	6.045387
3271.6	5.1504186
3271.65	4.1490816
3271.7	2.9918452
3271.75	1.6803165
3271.8	0.22207028
3271.85	-1.3070083
3271.9	-2.8271523
3271.95	-4.2102637
3272	-5.3485651
3272.05	-6.1353345
3272.1	-6.5210457
3272.15	-6.4757823
3272.2	-6.0370492
3272.25	-5.2373347
3272.3	-4.1738703
3272.35	-2.92757
3272.4	-1.6097379
3272.45	-0.29944388
3272.5	0.91873627
3272.55	2.0415942
3272.6	3.0522278
3272.65	3.9762685
3272.7	4.8308958
3272.75	5.6226161
3272.8	6.3215618
3272.85	6.901258
3272.9	7.2996523
3272.95	7.4954203
3273	7.4563202
3273.05	7.199009
3273.1	6.7292385
3273.15	6.1009628
3273.2	5.3525814
3273.25	4.5448174
3273.3	3.7117463
3273.35	2.8854743
3273.4	2.0665256
3273.45	1.240094
3273.5	0.35060491
3273.55	-0.63376207
3273.6	-1.7694491
3273.65	-3.0829655
3273.7	-4.6005934
3273.75	-6.2915904
3273.8	-8.1049161
3273.85	-9.9501587
3273.9	-11.717563
3273.95	-13.254307
3274	-14.427738
3274.05	-15.107198
3274.1	-15.213648
3274.15	-14.68495
3274.2	-13.53885
3274.25	-11.834976
3274.3	-9.6852563
3274.35	-7.2227681
3274.4	-4.6011777
3274.45	-1.9547601
3274.5	0.56953902
3274.55	2.8515097
3274.6	4.7732722
3274.65	6.2710605
3274.7	7.300167
3274.75	7.8717654
3274.8	8.0185702
3274.85	7.8193147
3274.9	7.3638866
3274.95	6.7501872
3275	6.0417913
3275.05	5.3094863
3275.1	4.5841512
3275.15	3.8924703
3275.2	3.2103436
3275.25	2.5357368
3275.3	1.8469994
3275.35	1.1243288
3275.4	0.33594048
3275.45	-0.50317423
3275.5	-1.3991272
3275.55	-2.3232371
3275.6	-3.2445948
3275.65	-4.1060975
3275.7	-4.8755963
3275.75	-5.4823817
3275.8	-5.8943503
3275.85	-6.0564617
3275.9	-5.9609658
3275.95	-5.5736097
3276	-4.8929697
3276.05	-3.9088101
3276.1	-2.6426776
3276.15	-1.0939446
3276.2	0.67235644
3276.25	2.6032854
3276.3	4.5878839
3276.35	6.5226891
3276.4	8.2530869
3276.45	9.6506609
3276.5	10.566308
3276.55	10.917348
3276.6	10.651483
3276.65	9.7682359
3276.7	8.336365
3276.75	6.5058069
3276.8	4.4535266
3276.85	2.4033131
3276.9	0.57541579
3276.95	-0.83825958
3277	-1.7139569
3277.05	-1.998104
3277.1	-1.7300943
3277.15	-1.0218698
3277.2	-0.058995851
3277.25	0.97708793
3277.3	1.8897676
3277.35	2.5312907
3277.4	2.795284
3277.45	2.6576139
3277.5	2.147825
3277.55	1.3943335
3277.6	0.52258075
3277.65	-0.29682314
3277.7	-0.91527886
3277.75	-1.2124833
3277.8	-1.1459738
3277.85	-0.69713647
3277.9	0.076761623
3277.95	1.1167013
3278	2.317769
3278.05	3.5937492
3278.1	4.8465966
3278.15	5.9971399
3278.2	6.9562122
3278.25	7.6655967
3278.3	8.0594053
3278.35	8.1121298
3278.4	7.8134233
3278.45	7.1919749
3278.5	6.2910301
3278.55	5.2252346
3278.6	4.1002961
3278.65	3.0501404
3278.7	2.1760593
3278.75	1.5750911
3278.8	1.271115
3278.85	1.2395569
3278.9	1.3992517
3278.95	1.6361649
3279	1.7847596
3279.05	1.6980155
3279.1	1.2494273
3279.15	0.41160914
3279.2	-0.80526724
3279.25	-2.2916731
3279.3	-3.9096786
3279.35	-5.4738641
3279.4	-6.819478
3279.45	-7.8030255
3279.5	-8.3264282
3279.55	-8.3278334
3279.6	-7.7942524
3279.65	-6.7408043
3279.7	-5.2226967
3279.75	-3.3041925
3279.8	-1.0759986
3279.85	1.3723262
3279.9	3.907905
3279.95	6.4338904
3280	8.8088485
3280.05	10.925239
3280.1	12.695609
3280.15	14.109179
3280.2	15.168315
3280.25	15.96211
3280.3	16.603855
3280.35	17.232728
3280.4	17.962437
3280.45	18.889664
3280.5	20.024478
3280.55	21.313014
3280.6	22.585008
3280.65	23.627904
3280.7	24.154083
3280.75	23.912023
3280.8	22.672628
3280.85	20.327452
3280.9	16.866106
3280.95	12.436537
3281	7.28773
3281.05	1.7900161
3281.1	-3.6720487
3281.15	-8.6998388
3281.2	-12.96182
3281.25	-16.190073
3281.3	-18.252324
3281.35	-19.089176
3281.4	-18.771249
3281.45	-17.439866
3281.5	-15.313902
3281.55	-12.64384
3281.6	-9.7198266
3281.65	-6.791191
3281.7	-4.1020443
3281.75	-1.8258285
3281.8	-0.10133929
3281.85	1.0059475
3281.9	1.4833488
3281.95	1.3978465
3282	0.82826813
3282.05	-0.078245555
3282.1	-1.1769839
3282.15	-2.3019219
3282.2	-3.3234454
3282.25	-4.0705067
3282.3	-4.4585376
3282.35	-4.4108321
3282.4	-3.941801
3282.45	-3.1167287
3282.5	-2.0747754
3282.55	-0.97270509
3282.6	-0.00028130076
3282.65	0.70623783
3282.7	1.0271349
3282.75	0.91597911
3282.8	0.38944674
3282.85	-0.45249471
3282.9	-1.4884161
3282.95	-2.5408988
3283	-3.4609509
3283.05	-4.0915013
3283.1	-4.3456965
3283.15	-4.1625519
3283.2	-3.5507642
3283.25	-2.5519647
3283.3	-1.2614602
3283.35	0.23001846
3283.4	1.8103882
3283.45	3.3920107
3283.5	4.8642929
3283.55	6.1439857
3283.6	7.1479148
3283.65	7.8257403
3283.7	8.1421981
3283.75	8.0889483
3283.8	7.6953503
3283.85	7.0388527
3283.9	6.2067421
3283.95	5.3449406
3284	4.5663986
3284.05	3.9931103
3284.1	3.6855626
3284.15	3.6816335
3284.2	3.9380479
3284.25	4.3508901
3284.3	4.775058
3284.35	5.0572292
3284.4	5.0113933
3284.45	4.5492121
3284.5	3.6266425
3284.55	2.2946439
3284.6	0.67287395
3284.65	-1.0525466
3284.7	-2.7003562
3284.75	-4.0647586
3284.8	-5.0089231
3284.85	-5.4389537
3284.9	-5.3445605
3284.95	-4.7443777
3285	-3.7286832
3285.05	-2.3934223
3285.1	-0.86445018
3285.15	0.75884141
3285.2	2.3647273
3285.25	3.8763529
3285.3	5.225874
3285.35	6.3759162
3285.4	7.2886973
3285.45	7.9636274
3285.5	8.3949936
3285.55	8.6073779
3285.6	8.6088654
3285.65	8.4204197
3285.7	8.0589541
3285.75	7.5552408
3285.8	6.9161039
3285.85	6.1765656
3285.9	5.3597178
3285.95	4.4853534
3286	3.5605109
3286.05	2.6175042
3286.1	1.6564528
3286.15	0.72594547
3286.2	-0.14956041
3286.25	-0.92302285
3286.3	-1.5523263
3286.35	-1.9807702
3286.4	-2.1802736
3286.45	-2.117263
3286.5	-1.8004
3286.55	-1.2365643
3286.6	-0.46541243
3286.65	0.47559974
3286.7	1.516
3286.75	2.6172618
3286.8	3.7212866
3286.85	4.7822586
3286.9	5.7647215
3286.95	6.6425139
3287	7.3907248
3287.05	7.9802446
3287.1	8.3836202
3287.15	8.5771004
3287.2	8.5362572
3287.25	8.2615167
3287.3	7.7582645
3287.35	7.0706135
3287.4	6.2300705
3287.45	5.302875
3287.5	4.3393158
3287.55	3.4241295
3287.6	2.5945214
3287.65	1.9016494
3287.7	1.3355426
3287.75	0.89655751
3287.8	0.54822837
3287.85	0.25777432
3287.9	-0.04076616
3287.95	-0.38595022
3288	-0.80006213
3288.05	-1.2733161
3288.1	-1.7964964
3288.15	-2.305237
3288.2	-2.7551658
3288.25	-3.0725348
3288.3	-3.2236234
3288.35	-3.1877015
3288.4	-2.9751995
3288.45	-2.6187084
3288.5	-2.1738047
3288.55	-1.699835
3288.6	-1.2833284
3288.65	-0.93877095
3288.7	-0.69344342
3288.75	-0.51646939
3288.8	-0.40448641
3288.85	-0.30340069
3288.9	-0.18549273
3288.95	-0.015059416
3289	0.21423261
3289.05	0.51228923
3289.1	0.86469295
3289.15	1.250949
3289.2	1.6249766
3289.25	1.9457068
3289.3	2.1699347
3289.35	2.2697967
3289.4	2.2041681
3289.45	1.9549024
3289.5	1.4943092
3289.55	0.82102573
3289.6	-0.072503841
3289.65	-1.1523958
3289.7	-2.3813013
3289.75	-3.6651137
3289.8	-4.9279957
3289.85	-6.0551138
3289.9	-6.9685961
3289.95	-7.5966103
3290	-7.9502332
3290.05	-8.0517036
3290.1	-7.9598944
3290.15	-7.7525442
3290.2	-7.4997824
3290.25	-7.2344066
3290.3	-6.9841937
3290.35	-6.7220917
3290.4	-6.4055625
3290.45	-5.9760577
3290.5	-5.408824
3290.55	-4.6568559
3290.6	-3.7211671
3290.65	-2.628427
3290.7	-1.4464188
3290.75	-0.25218138
3290.8	0.86887986
3290.85	1.8433446
3290.9	2.5827465
3290.95	3.0208352
3291	3.1043429
3291.05	2.845843
3291.1	2.2634911
3291.15	1.4043986
3291.2	0.30421144
3291.25	-0.961766
3291.3	-2.3439934
3291.35	-3.7768762
3291.4	-5.1956275
3291.45	-6.5362472
3291.5	-7.7377347
3291.55	-8.7276761
3291.6	-9.4656496
3291.65	-9.8760425
3291.7	-9.958633
3291.75	-9.7089103
3291.8	-9.1650704
3291.85	-8.3886457
3291.9	-7.4765331
3291.95	-6.512922
3292	-5.5924292
3292.05	-4.7855265
3292.1	-4.1445023
3292.15	-3.6838855
3292.2	-3.397969
3292.25	-3.2293278
3292.3	-3.1379597
3292.35	-3.0524197
3292.4	-2.9185941
3292.45	-2.6795799
3292.5	-2.3125226
3292.55	-1.8042068
3292.6	-1.1653736
3292.65	-0.42803399
3292.7	0.33685726
3292.75	1.063321
3292.8	1.662271
3292.85	2.0475856
3292.9	2.1469669
3292.95	1.9279523
3293	1.3711639
3293.05	0.53333521
3293.1	-0.52294871
3293.15	-1.6822956
3293.2	-2.8352405
3293.25	-3.8494739
3293.3	-4.6267099
3293.35	-5.0834431
3293.4	-5.2066989
3293.45	-4.989305
3293.5	-4.4893107
3293.55	-3.7805246
3293.6	-2.9828739
3293.65	-2.2004546
3293.7	-1.5497928
3293.75	-1.0924166
3293.8	-0.88605733
3293.85	-0.92969135
3293.9	-1.1908175
3293.95	-1.5777229
3294	-2.010039
3294.05	-2.3762331
3294.1	-2.5969899
3294.15	-2.586958
3294.2	-2.3179447
3294.25	-1.7690607
3294.3	-0.97153774
3294.35	0.054090357
3294.4	1.2211817
3294.45	2.466296
3294.5	3.678312
3294.55	4.7817815
3294.6	5.674362
3294.65	6.2865481
3294.7	6.549877
3294.75	6.4818873
3294.8	6.0956531
3294.85	5.4382487
3294.9	4.5680989
3294.95	3.5664413
3295	2.5040769
3295.05	1.439807
3295.1	0.42548412
3295.15	-0.47665893
3295.2	-1.2408098
3295.25	-1.8250822
3295.3	-2.2318135
3295.35	-2.4495198
3295.4	-2.5134763
3295.45	-2.4285534
3295.5	-2.2488504
3295.55	-1.9942231
3295.6	-1.6950196
3295.65	-1.3621635
3295.7	-1.0158712
3295.75	-0.64974027
3295.8	-0.26902862
3295.85	0.14581863
3295.9	0.58422482
3295.95	1.0742032
3296	1.6135278
3296.05	2.2061021
3296.1	2.831486
3296.15	3.4691378
3296.2	4.059537
3296.25	4.5622954
3296.3	4.893533
3296.35	4.9888975
3296.4	4.7710389
3296.45	4.2034855
3296.5	3.2545466
3296.55	1.9427827
3296.6	0.31241382
3296.65	-1.5440538
3296.7	-3.5361535
3296.75	-5.5336337
3296.8	-7.4282165
3296.85	-9.1090462
3296.9	-10.510626
3296.95	-11.578638
3297	-12.312691
3297.05	-12.723985
3297.1	-12.859299
3297.15	-12.757756
3297.2	-12.483854
3297.25	-12.08774
3297.3	-11.634282
3297.35	-11.146382
3297.4	-10.649269
3297.45	-10.125133
3297.5	-9.5594684
3297.55	-8.9085828
3297.6	-8.1521268
3297.65	-7.2757264
3297.7	-6.2771175
3297.75	-5.169612
3297.8	-4.0288226
3297.85	-2.9022452
3297.9	-1.8643674
3297.95	-0.93540078
3298	-0.15356724
3298.05	0.48584533
3298.1	0.97084735
3298.15	1.3410206
3298.2	1.6128848
3298.25	1.8107488
3298.3	1.9104284
3298.35	1.9267672
3298.4	1.8391659
3298.45	1.6579194
3298.5	1.3725109
3298.55	1.0039834
3298.6	0.56114655
3298.65	0.071571525
3298.7	-0.43559426
3298.75	-0.93227708
3298.8	-1.4053882
3298.85	-1.8402905
3298.9	-2.2445857
3298.95	-2.618627
3299	-2.9686692
3299.05	-3.2709464
3299.1	-3.5377142
3299.15	-3.766455
3299.2	-3.9681613
3299.25	-4.1274609
3299.3	-4.2607981
3299.35	-4.3506351
3299.4	-4.3870722
3299.45	-4.3412076
3299.5	-4.2025493
3299.55	-3.9378174
3299.6	-3.5440193
3299.65	-2.9988535
3299.7	-2.3053321
3299.75	-1.4652792
3299.8	-0.50804782
3299.85	0.53707601
3299.9	1.5984204
3299.95	2.6263387
3300	3.5163225
3300.05	4.2160276
3300.1	4.650186
3300.15	4.7858379
3300.2	4.5975401
3300.25	4.1111997
3300.3	3.3446045
3300.35	2.3749952
3300.4	1.2750954
3300.45	0.14340889
3300.5	-0.94269911
3300.55	-1.9091629
3300.6	-2.708408
3300.65	-3.3207833
3300.7	-3.7441958
3300.75	-3.9899931
3300.8	-4.0894299
3300.85	-4.0693575
3300.9	-3.9682263
3300.95	-3.8030622
3301	-3.5876643
3301.05	-3.3190361
3301.1	-3.0145138
3301.15	-2.6479309
3301.2	-2.2295561
3301.25	-1.7374194
3301.3	-1.1862408
3301.35	-0.59396479
3301.4	0.0022566769
3301.45	0.5792239
3301.5	1.08806
3301.55	1.5103247
3301.6	1.8150353
3301.65	2.0176724
3301.7	2.094879
3301.75	2.0699922
3301.8	1.9338941
3301.85	1.6970605
3301.9	1.3364521
3301.95	0.87194945
3302	0.28372435
3302.05	-0.42020041
3302.1	-1.2515793
3302.15	-2.1532603
3302.2	-3.0878409
3302.25	-3.9877802
3302.3	-4.8031273
3302.35	-5.4567622
3302.4	-5.9024026
3302.45	-6.0831152
3302.5	-6.0003774
3302.55	-5.6588555
3302.6	-5.0861311
3302.65	-4.3272017
3302.7	-3.4457608
3302.75	-2.4935208
3302.8	-1.5466396
3302.85	-0.63093123
3302.9	0.20241539
3302.95	0.94675089
3303	1.5722012
3303.05	2.1003806
3303.1	2.5491811
3303.15	2.9586882
3303.2	3.3683172
3303.25	3.8212641
3303.3	4.3488024
3303.35	4.978948
3303.4	5.7227323
3303.45	6.5936129
3303.5	7.5727357
3303.55	8.6519596
3303.6	9.8003347
3303.65	10.993768
3303.7	12.197188
3303.75	13.398477
3303.8	14.559618
3303.85	15.675036
3303.9	16.721076
3303.95	17.700318
3304	18.592406
3304.05	19.397346
3304.1	20.087755
3304.15	20.656507
3304.2	21.08319
3304.25	21.364655
3304.3	21.484842
3304.35	21.477568
3304.4	21.350355
3304.45	21.156782
3304.5	20.927061
3304.55	20.708295
3304.6	20.502077
3304.65	20.336547
3304.7	20.190255
3304.75	20.051152
3304.8	19.893432
3304.85	19.701825
3304.9	19.451757
3304.95	19.128215
3305	18.716086
3305.05	18.207186
3305.1	17.571758
3305.15	16.826373
3305.2	15.967387
3305.25	15.01208
3305.3	13.975574
3305.35	12.895515
3305.4	11.804524
3305.45	10.723609
3305.5	9.6608169
3305.55	8.6213684
3305.6	7.5684364
3305.65	6.4752993
3305.7	5.2600459
3305.75	3.8846158
3305.8	2.2979436
3305.85	0.48747744
3305.9	-1.5513199
3305.95	-3.7722704
3306	-6.1117542
3306.05	-8.4613781
3306.1	-10.73637
3306.15	-12.829696
3306.2	-14.677858
3306.25	-16.199812
3306.3	-17.378379
3306.35	-18.207585
3306.4	-18.732216
3306.45	-18.986472
3306.5	-19.046517
3306.55	-18.959092
3306.6	-18.790403
3306.65	-18.572027
3306.7	-18.3528
3306.75	-18.13998
3306.8	-17.96635
3306.85	-17.83502
3306.9	-17.77401
3306.95	-17.755304
3307	-17.778755
3307.05	-17.814601
3307.1	-17.85014
3307.15	-17.847715
3307.2	-17.797233
3307.25	-17.672301
3307.3	-17.478785
3307.35	-17.213491
3307.4	-16.89635
3307.45	-16.543385
3307.5	-16.211916
3307.55	-15.932433
3307.6	-15.73174
3307.65	-15.610212
3307.7	-15.574747
3307.75	-15.617396
3307.8	-15.71897
3307.85	-15.807013
3307.9	-15.848925
3307.95	-15.787011
3308	-15.57774
3308.05	-15.187098
3308.1	-14.620186
3308.15	-13.889294
3308.2	-13.057988
3308.25	-12.179997
3308.3	-11.347843
3308.35	-10.633507
3308.4	-10.124132
3308.45	-9.8600552
3308.5	-9.8850757
3308.55	-10.195746
3308.6	-10.756629
3308.65	-11.514135
3308.7	-12.396987
3308.75	-13.306029
3308.8	-14.184058
3308.85	-14.947873
3308.9	-15.550448
3308.95	-15.960416
3309	-16.198198
3309.05	-16.299639
3309.1	-16.334832
3309.15	-16.35895
3309.2	-16.48005
3309.25	-16.759067
3309.3	-17.261233
3309.35	-18.014639
3309.4	-19.014821
3309.45	-20.223769
3309.5	-21.577486
3309.55	-22.964615
3309.6	-24.28352
3309.65	-25.401239
3309.7	-26.23667
3309.75	-26.686519
3309.8	-26.736207
3309.85	-26.370922
3309.9	-25.63483
3309.95	-24.598903
3310	-23.356907
3310.05	-21.995965
3310.1	-20.629695
3310.15	-19.319927
3310.2	-18.118978
3310.25	-17.032676
3310.3	-16.059176
3310.35	-15.145851
3310.4	-14.265033
3310.45	-13.353396
3310.5	-12.377358
3310.55	-11.297957
3310.6	-10.118355
3310.65	-8.8442089
3310.7	-7.5325715
3310.75	-6.216538
3310.8	-4.9525396
3310.85	-3.8056711
3310.9	-2.8522851
3310.95	-2.140389
3311	-1.7208414
3311.05	-1.6046083
3311.1	-1.8068034
3311.15	-2.2997959
3311.2	-3.0371823
3311.25	-3.9521667
3311.3	-4.9768976
3311.35	-6.0099777
3311.4	-6.9734356
3311.45	-7.7796225
3311.5	-8.3765066
3311.55	-8.7020908
3311.6	-8.7429662
3311.65	-8.4997438
3311.7	-8.0047717
3311.75	-7.2902644
3311.8	-6.4377127
3311.85	-5.4991998
3311.9	-4.5736861
3311.95	-3.7040574
3312	-2.9469256
3312.05	-2.3356427
3312.1	-1.8936963
3312.15	-1.6098457
3312.2	-1.4786189
3312.25	-1.457291
3312.3	-1.5373667
3312.35	-1.6710719
3312.4	-1.8245879
3312.45	-1.9602672
3312.5	-2.0667317
3312.55	-2.121479
3312.6	-2.1429456
3312.65	-2.1349888
3312.7	-2.1517601
3312.75	-2.2112195
3312.8	-2.3575678
3312.85	-2.5991936
3312.9	-2.9423681
3312.95	-3.3636583
3313	-3.85386
3313.05	-4.3571081
3313.1	-4.8338008
3313.15	-5.2292579
3313.2	-5.5163968
3313.25	-5.6542338
3313.3	-5.6448523
3313.35	-5.4700519
3313.4	-5.1607811
3313.45	-4.7361012
3313.5	-4.2405584
3313.55	-3.713695
3313.6	-3.1950062
3313.65	-2.7086099
3313.7	-2.2836481
3313.75	-1.9104107
3313.8	-1.5901817
3313.85	-1.3089983
3313.9	-1.0631341
3313.95	-0.84759475
3314	-0.68053207
3314.05	-0.57140949
3314.1	-0.56628624
3314.15	-0.66424326
3314.2	-0.89207144
3314.25	-1.2286707
3314.3	-1.6752701
3314.35	-2.1977497
3314.4	-2.7879858
3314.45	-3.3855788
3314.5	-3.9803814
3314.55	-4.5403459
3314.6	-5.0557836
3314.65	-5.4888983
3314.7	-5.8390146
3314.75	-6.0856659
3314.8	-6.241709
3314.85	-6.2905309
3314.9	-6.2527
3314.95	-6.119852
3315	-5.8933103
3315.05	-5.5656456
3315.1	-5.1460517
3315.15	-4.6098803
3315.2	-3.9930536
3315.25	-3.2733875
3315.3	-2.4598472
3315.35	-1.5507437
3315.4	-0.57478785
3315.45	0.46144964
3315.5	1.5275326
3315.55	2.5881089
3315.6	3.5905096
3315.65	4.4981551
3315.7	5.2535552
3315.75	5.8210659
3315.8	6.1628111
3315.85	6.2727572
3315.9	6.1386896
3315.95	5.7827761
3316	5.2422769
3316.05	4.5684986
3316.1	3.8135715
3316.15	3.0599567
3316.2	2.3494099
3316.25	1.7539565
3316.3	1.2883265
3316.35	0.97054949
3316.4	0.78060226
3316.45	0.71230742
3316.5	0.71869943
3316.55	0.76746808
3316.6	0.81404072
3316.65	0.84761742
3316.7	0.82990478
3316.75	0.76238985
3316.8	0.64561013
3316.85	0.50618735
3316.9	0.3628546
3316.95	0.24652236
3317	0.16393918
3317.05	0.145649
3317.1	0.20152317
3317.15	0.35031614
3317.2	0.58510204
3317.25	0.91696865
3317.3	1.3180733
3317.35	1.7982199
3317.4	2.3026972
3317.45	2.8159075
3317.5	3.2771405
3317.55	3.6548549
3317.6	3.8879409
3317.65	3.9491944
3317.7	3.7921817
3317.75	3.4227084
3317.8	2.8431841
3317.85	2.1010942
3317.9	1.2222045
3317.95	0.2715015
3318	-0.69589682
3318.05	-1.6165929
3318.1	-2.4486885
3318.15	-3.1541967
3318.2	-3.7416651
3318.25	-4.1813273
3318.3	-4.4835576
3318.35	-4.6494857
3318.4	-4.6947714
3318.45	-4.6030004
3318.5	-4.3899067
3318.55	-4.0259136
3318.6	-3.5186223
3318.65	-2.8682306
3318.7	-2.1004521
3318.75	-1.2246461
3318.8	-0.28538064
3318.85	0.67889716
3318.9	1.6070821
3318.95	2.4480972
3319	3.1488819
3319.05	3.6775775
3319.1	4.0024651
3319.15	4.1123716
3319.2	4.0048693
3319.25	3.7192097
3319.3	3.28498
3319.35	2.7682262
3319.4	2.2017483
3319.45	1.6568853
3319.5	1.1610934
3319.55	0.75119974
3319.6	0.43669651
3319.65	0.25661424
3319.7	0.20578011
3319.75	0.2854465
3319.8	0.48621277
3319.85	0.80028443
3319.9	1.1949729
3319.95	1.6443155
3320	2.1100824
3320.05	2.5450124
3320.1	2.8956985
3320.15	3.130263
3320.2	3.2004073
3320.25	3.1018327
3320.3	2.8234901
3320.35	2.396767
3320.4	1.8552714
3320.45	1.2525392
3320.5	0.63717856
3320.55	0.076192727
3320.6	-0.3943104
3320.65	-0.71677454
3320.7	-0.87943385
3320.75	-0.87285357
3320.8	-0.70227064
3320.85	-0.37839222
3320.9	0.05602806
3320.95	0.57455904
3321	1.1442347
3321.05	1.735267
3321.1	2.2971001
3321.15	2.821682
3321.2	3.2924984
3321.25	3.6943707
3321.3	4.0078375
3321.35	4.2481273
3321.4	4.4059439
3321.45	4.5042106
3321.5	4.5535068
3321.55	4.5899412
3321.6	4.6325988
3321.65	4.7325731
3321.7	4.8909473
3321.75	5.1224071
3321.8	5.40723
3321.85	5.7062716
3321.9	5.9578229
3321.95	6.1277446
3322	6.1377314
3322.05	5.9748566
3322.1	5.6131895
3322.15	5.0788691
3322.2	4.4076724
3322.25	3.6758677
3322.3	2.9330651
3322.35	2.2594979
3322.4	1.7115894
3322.45	1.3438114
3322.5	1.1782003
3322.55	1.2228839
3322.6	1.4573432
3322.65	1.860873
3322.7	2.386781
3322.75	2.9977351
3322.8	3.6254719
3322.85	4.2531168
3322.9	4.8267202
3322.95	5.3188405
3323	5.6932761
3323.05	5.9531012
3323.1	6.0912016
3323.15	6.1171284
3323.2	6.0343774
3323.25	5.8791456
3323.3	5.6613174
3323.35	5.4183364
3323.4	5.1479397
3323.45	4.9025435
3323.5	4.674588
3323.55	4.4951269
3323.6	4.3532185
3323.65	4.2664079
3323.7	4.2145074
3323.75	4.2028075
3323.8	4.2118448
3323.85	4.2244496
3323.9	4.2081995
3323.95	4.1473076
3324	4.0225097
3324.05	3.8339226
3324.1	3.5679948
3324.15	3.2462555
3324.2	2.8815934
3324.25	2.5176499
3324.3	2.180691
3324.35	1.9084693
3324.4	1.7012606
3324.45	1.5985882
3324.5	1.5893645
3324.55	1.6757735
3324.6	1.8264023
3324.65	2.0277156
3324.7	2.2285774
3324.75	2.4072354
3324.8	2.5265453
3324.85	2.5732653
3324.9	2.5222907
3324.95	2.3844632
3325	2.177766
3325.05	1.9351511
3325.1	1.6875939
3325.15	1.4827376
3325.2	1.3362047
3325.25	1.2856134
3325.3	1.3447241
3325.35	1.5153597
3325.4	1.765354
3325.45	2.0709927
3325.5	2.3640252
3325.55	2.6097343
3325.6	2.7346108
3325.65	2.7182334
3325.7	2.5356163
3325.75	2.1889188
3325.8	1.6956671
3325.85	1.1112574
3325.9	0.47449241
3325.95	-0.13720567
3326	-0.67742065
3326.05	-1.066733
3326.1	-1.2794143
3326.15	-1.2716903
3326.2	-1.0500836
3326.25	-0.6169794
3326.3	-0.0084795916
3326.35	0.73965992
3326.4	1.5446017
3326.45	2.3705322
3326.5	3.1662703
3326.55	3.9016003
3326.6	4.5309388
3326.65	5.058291
3326.7	5.4572233
3326.75	5.7432781
3326.8	5.9284245
3326.85	6.042316
3326.9	6.086307
3326.95	6.0753152
3327	6.0097111
3327.05	5.9008132
3327.1	5.7438993
3327.15	5.5441648
3327.2	5.2671337
3327.25	4.9293621
3327.3	4.4992938
3327.35	3.987807
3327.4	3.3912085
3327.45	2.7201411
3327.5	1.9874454
3327.55	1.2261617
3327.6	0.45637732
3327.65	-0.27953206
3327.7	-0.95183374
3327.75	-1.5167732
3327.8	-1.951062
3327.85	-2.206637
3327.9	-2.2810796
3327.95	-2.1575509
3328	-1.854733
3328.05	-1.3898266
3328.1	-0.81693984
3328.15	-0.15213113
3328.2	0.51485085
3328.25	1.1474539
3328.3	1.6800668
3328.35	2.099849
3328.4	2.3745122
3328.45	2.5117918
3328.5	2.503528
3328.55	2.3898583
3328.6	2.1995387
3328.65	1.9824495
3328.7	1.7777191
3328.75	1.6417907
3328.8	1.5943863
3328.85	1.660718
3328.9	1.8205683
3328.95	2.0542509
3329	2.3292011
3329.05	2.6202049
3329.1	2.8718795
3329.15	3.0706989
3329.2	3.1669438
3329.25	3.1531575
3329.3	3.0240808
3329.35	2.8052809
3329.4	2.5212738
3329.45	2.2104518
3329.5	1.8951037
3329.55	1.6300667
3329.6	1.4329603
3329.65	1.336654
3329.7	1.3269155
3329.75	1.4066242
3329.8	1.5559728
3329.85	1.7525413
3329.9	1.9655936
3329.95	2.1834668
3330	2.3843035
3330.05	2.5732126
3330.1	2.7415331
3330.15	2.9102584
3330.2	3.0629795
3330.25	3.2145219
3330.3	3.3567955
3330.35	3.510926
3330.4	3.6638472
3330.45	3.8219662
3330.5	3.9699425
3330.55	4.119484
3330.6	4.2531041
3330.65	4.3664272
3330.7	4.4431646
3330.75	4.474834
3330.8	4.4503469
3330.85	4.3596491
3330.9	4.1851944
3330.95	3.9338423
3331	3.6046797
3331.05	3.2217957
3331.1	2.7799893
3331.15	2.3110533
3331.2	1.8192859
3331.25	1.3292006
3331.3	0.84395575
3331.35	0.3976605
3331.4	-0.014043952
3331.45	-0.35035896
3331.5	-0.61434138
3331.55	-0.78244454
3331.6	-0.85551064
3331.65	-0.8271918
3331.7	-0.70234794
3331.75	-0.47530013
3331.8	-0.1733058
3331.85	0.1942553
3331.9	0.59797883
3331.95	1.0245414
3332	1.4273404
3332.05	1.7976378
3332.1	2.0893979
3332.15	2.2819636
3332.2	2.3802944
3332.25	2.3823576
3332.3	2.2917326
3332.35	2.1286217
3332.4	1.8934961
3332.45	1.6189075
3332.5	1.2872574
3332.55	0.93622654
3332.6	0.56318703
3332.65	0.18124117
3332.7	-0.21854647
3332.75	-0.61054055
3332.8	-0.99946732
3332.85	-1.345972
3332.9	-1.6557339
3332.95	-1.9020501
3333	-2.0852952
3333.05	-2.1863959
3333.1	-2.210275
3333.15	-2.1471089
3333.2	-2.01627
3333.25	-1.8231832
3333.3	-1.5997588
3333.35	-1.3477951
3333.4	-1.0985208
3333.45	-0.85144697
3333.5	-0.62677842
3333.55	-0.43275706
3333.6	-0.27871759
3333.65	-0.14710701
3333.7	-0.053353274
3333.75	0.024736947
3333.8	0.072086305
3333.85	0.1111728
3333.9	0.12929244
3333.95	0.13114601
3334	0.094729832
3334.05	0.026716488
3334.1	-0.081152792
3334.15	-0.22477522
3334.2	-0.40866605
3334.25	-0.60884568
3334.3	-0.82104126
3334.35	-1.0267157
3334.4	-1.2226484
3334.45	-1.3841344
3334.5	-1.5202038
3334.55	-1.6347485
3334.6	-1.7481935
3334.65	-1.845738
3334.7	-1.9676869
3334.75	-2.1251907
3334.8	-2.3470184
3334.85	-2.6251841
3334.9	-2.967852
3334.95	-3.3558857
3335	-3.7916747
3335.05	-4.2362847
3335.1	-4.6621269
3335.15	-5.0334643
3335.2	-5.3481845
3335.25	-5.5642563
3335.3	-5.6937764
3335.35	-5.7153235
3335.4	-5.6539742
3335.45	-5.5168374
3335.5	-5.3296942
3335.55	-5.1044636
3335.6	-4.8810929
3335.65	-4.6571374
3335.7	-4.4644016
3335.75	-4.3055668
3335.8	-4.1977789
3335.85	-4.1384318
3335.9	-4.1202448
3335.95	-4.1340712
3336	-4.1740713
3336.05	-4.2113942
3336.1	-4.2599746
3336.15	-4.2817027
3336.2	-4.2896154
3336.25	-4.270503
3336.3	-4.2238754
3336.35	-4.1627038
3336.4	-4.103333
3336.45	-4.0371337
3336.5	-3.9890645
3336.55	-3.9600266
3336.6	-3.951586
3336.65	-3.947942
3336.7	-3.9399279
3336.75	-3.9027555
3336.8	-3.8302856
3336.85	-3.6850647
3336.9	-3.4621242
3336.95	-3.1346328
3337	-2.7027764
3337.05	-2.1546484
3337.1	-1.5077143
3337.15	-0.76914139
3337.2	0.031417366
3337.25	0.88310962
3337.3	1.7611631
3337.35	2.6334045
3337.4	3.4627769
3337.45	4.2357713
3337.5	4.9011296
3337.55	5.4575122
3337.6	5.8589007
3337.65	6.1070355
3337.7	6.2009158
3337.75	6.1777049
3337.8	6.048629
3337.85	5.859644
3337.9	5.6275504
3337.95	5.4091784
3338	5.2333971
3338.05	5.1260415
3338.1	5.0923197
3338.15	5.1350909
3338.2	5.2446618
3338.25	5.4008973
3338.3	5.5727144
3338.35	5.7452141
3338.4	5.8833
3338.45	5.9827653
3338.5	6.0327011
3338.55	6.034234
3338.6	5.9893414
3338.65	5.9250939
3338.7	5.85122
3338.75	5.792641
3338.8	5.7531326
3338.85	5.7459507
3338.9	5.7714522
3338.95	5.8379675
3339	5.9120243
3339.05	5.9917927
3339.1	6.0617332
3339.15	6.1090978
3339.2	6.1156423
3339.25	6.0842202
3339.3	6.0039676
3339.35	5.8831963
3339.4	5.7172179
3339.45	5.5220773
3339.5	5.2955069
3339.55	5.0493628
3339.6	4.7910965
3339.65	4.543005
3339.7	4.2966726
3339.75	4.0689977
3339.8	3.8556204
3339.85	3.6652476
3339.9	3.4952379
3339.95	3.3442927
3340	3.2001208
3340.05	3.0604388
3340.1	2.9146006
3340.15	2.760018
3340.2	2.5941838
3340.25	2.4187895
3340.3	2.2323255
3340.35	2.0425835
3340.4	1.8547726
3340.45	1.6768391
3340.5	1.5102491
3340.55	1.3600243
3340.6	1.2251206
3340.65	1.1084903
3340.7	1.007991
3340.75	0.92287824
3340.8	0.84955048
3340.85	0.78595214
3340.9	0.72742241
3340.95	0.67216462
3341	0.6180026
3341.05	0.56384769
3341.1	0.50839612
3341.15	0.45223245
3341.2	0.3952834
3341.25	0.3387013
3341.3	0.28338234
3341.35	0.2320042
3341.4	0.18506188
3341.45	0.14377825
3341.5	0.10840875
3341.55	0.079209395
3341.6	0.055663056
3341.65	0.0373201
3341.7	0.023469458
3341.75	0.013484908
3341.8	0.006691296
3341.85	0.0025715402
3341.9	0.00053827055
3341.95	0
