# Menlo Systems GmbH TERAScan++
# Program Version 1.0.96
# Start: 4498 ps, Average over 67108 waveforms. Timestamp: 2018-03-03T16:19:14
# Window type: Tukey, parameters: alpha = 0.1
# Time [ps]	THz Signal [a.u.]
4498	0
4498.05	-1.0065709e-05
4498.1	6.9374394e-05
4498.15	-0.0001463749
4498.2	0.00022394712
4498.25	-0.00040208245
4498.3	0.00059386083
4498.35	-0.00053771777
4498.4	0.0013961106
4498.45	-0.00066853333
4498.5	0.0021166422
4498.55	-0.001401745
4498.6	0.0023206125
4498.65	-0.0030164977
4498.7	0.0019476375
4498.75	-0.0050908041
4498.8	0.0011266297
4498.85	-0.0084534896
4498.9	-7.3915816e-05
4498.95	-0.011584644
4499	-0.00051313808
4499.05	-0.013740708
4499.1	-0.0023227331
4499.15	-0.020804421
4499.2	-0.0078269031
4499.25	-0.029791545
4499.3	-0.015739993
4499.35	-0.040412796
4499.4	-0.022818668
4499.45	-0.053593244
4499.5	-0.038140024
4499.55	-0.073363615
4499.6	-0.055510407
4499.65	-0.097928739
4499.7	-0.079248198
4499.75	-0.12393533
4499.8	-0.10122888
4499.85	-0.15243584
4499.9	-0.1278671
4499.95	-0.18257557
4500	-0.15321623
4500.05	-0.213274
4500.1	-0.1852895
4500.15	-0.25038591
4500.2	-0.21337197
4500.25	-0.27934459
4500.3	-0.24358188
4500.35	-0.31681787
4500.4	-0.27341457
4500.45	-0.34534477
4500.5	-0.29937336
4500.55	-0.3769974
4500.6	-0.31807753
4500.65	-0.39210784
4500.7	-0.3279024
4500.75	-0.40073949
4500.8	-0.32620641
4500.85	-0.40367618
4500.9	-0.32467945
4500.95	-0.39833482
4501	-0.30622987
4501.05	-0.37984059
4501.1	-0.28539561
4501.15	-0.35969015
4501.2	-0.25624091
4501.25	-0.32770177
4501.3	-0.21512516
4501.35	-0.29237951
4501.4	-0.18038268
4501.45	-0.26582597
4501.5	-0.15014898
4501.55	-0.23953775
4501.6	-0.12852871
4501.65	-0.22352456
4501.7	-0.10410772
4501.75	-0.20073628
4501.8	-0.087776094
4501.85	-0.19076858
4501.9	-0.069128639
4501.95	-0.17066518
4502	-0.053760808
4502.05	-0.1731573
4502.1	-0.056853447
4502.15	-0.17645562
4502.2	-0.070569085
4502.25	-0.21075835
4502.3	-0.11097981
4502.35	-0.24732442
4502.4	-0.1478656
4502.45	-0.29153531
4502.5	-0.18105536
4502.55	-0.31902293
4502.6	-0.22383141
4502.65	-0.37286402
4502.7	-0.27381125
4502.75	-0.43646091
4502.8	-0.34539224
4502.85	-0.49008366
4502.9	-0.39324127
4502.95	-0.55033251
4503	-0.46075513
4503.05	-0.61927164
4503.1	-0.5335634
4503.15	-0.69000259
4503.2	-0.60158538
4503.25	-0.75820102
4503.3	-0.66445956
4503.35	-0.82956999
4503.4	-0.7589168
4503.45	-0.93452612
4503.5	-0.84761096
4503.55	-1.0183208
4503.6	-0.93532103
4503.65	-1.0746588
4503.7	-0.9748268
4503.75	-1.1245802
4503.8	-1.0124031
4503.85	-1.1367912
4503.9	-1.0249211
4503.95	-1.1549423
4504	-1.030354
4504.05	-1.1540196
4504.1	-1.0221757
4504.15	-1.136774
4504.2	-1.0052548
4504.25	-1.1156111
4504.3	-0.97320515
4504.35	-1.0832427
4504.4	-0.94017461
4504.45	-1.0431607
4504.5	-0.88621405
4504.55	-0.98649622
4504.6	-0.85786928
4504.65	-0.97690593
4504.7	-0.85110983
4504.75	-0.97036977
4504.8	-0.83873645
4504.85	-0.95699184
4504.9	-0.83323939
4504.95	-0.96137884
4505	-0.83355817
4505.05	-0.95908006
4505.1	-0.85415031
4505.15	-0.98567903
4505.2	-0.86626175
4505.25	-1.0113503
4505.3	-0.90254696
4505.35	-1.0449907
4505.4	-0.94821874
4505.45	-1.1064951
4505.5	-1.0163349
4505.55	-1.1786913
4505.6	-1.0867038
4505.65	-1.2362262
4505.7	-1.1441428
4505.75	-1.3029035
4505.8	-1.2150479
4505.85	-1.3894426
4505.9	-1.3133715
4505.95	-1.4732209
4506	-1.3704484
4506.05	-1.5223606
4506.1	-1.4167764
4506.15	-1.5433101
4506.2	-1.42449
4506.25	-1.5631142
4506.3	-1.4504941
4506.35	-1.575011
4506.4	-1.4513813
4506.45	-1.5711611
4506.5	-1.4281839
4506.55	-1.5205939
4506.6	-1.3685271
4506.65	-1.4659389
4506.7	-1.3027516
4506.75	-1.3813416
4506.8	-1.2307323
4506.85	-1.3200486
4506.9	-1.1529054
4506.95	-1.2316751
4507	-1.0654437
4507.05	-1.1437176
4507.1	-0.96015783
4507.15	-1.032771
4507.2	-0.86029903
4507.25	-0.93194767
4507.3	-0.76363305
4507.35	-0.84925762
4507.4	-0.68857694
4507.45	-0.78488185
4507.5	-0.62761727
4507.55	-0.72788444
4507.6	-0.58461945
4507.65	-0.6893814
4507.7	-0.54599771
4507.75	-0.65251456
4507.8	-0.50367747
4507.85	-0.60205696
4507.9	-0.46109938
4507.95	-0.5788982
4508	-0.44586333
4508.05	-0.55408686
4508.1	-0.41107971
4508.15	-0.51529187
4508.2	-0.36872264
4508.25	-0.4748634
4508.3	-0.32711772
4508.35	-0.43223438
4508.4	-0.28969608
4508.45	-0.40149943
4508.5	-0.26238178
4508.55	-0.36995001
4508.6	-0.22579598
4508.65	-0.33236648
4508.7	-0.19356989
4508.75	-0.3128412
4508.8	-0.17809055
4508.85	-0.29239049
4508.9	-0.16542431
4508.95	-0.29480614
4509	-0.16730789
4509.05	-0.28909626
4509.1	-0.16819875
4509.15	-0.29506671
4509.2	-0.15627831
4509.25	-0.27768104
4509.3	-0.15811733
4509.35	-0.28416491
4509.4	-0.15760937
4509.45	-0.28942323
4509.5	-0.1781724
4509.55	-0.31292442
4509.6	-0.20192598
4509.65	-0.33742879
4509.7	-0.2307014
4509.75	-0.37291319
4509.8	-0.25688472
4509.85	-0.39158717
4509.9	-0.28948098
4509.95	-0.42951859
4510	-0.30851104
4510.05	-0.43793607
4510.1	-0.31831643
4510.15	-0.44684605
4510.2	-0.32025913
4510.25	-0.44693655
4510.3	-0.32617411
4510.35	-0.45032401
4510.4	-0.32062293
4510.45	-0.44469643
4510.5	-0.31808859
4510.55	-0.43687377
4510.6	-0.31748423
4510.65	-0.44712936
4510.7	-0.31539418
4510.75	-0.42961227
4510.8	-0.29889801
4510.85	-0.40872727
4510.9	-0.25839678
4510.95	-0.3588454
4511	-0.21487099
4511.05	-0.31897809
4511.1	-0.17957213
4511.15	-0.2963
4511.2	-0.16695046
4511.25	-0.27612715
4511.3	-0.13245606
4511.35	-0.24513709
4511.4	-0.096798863
4511.45	-0.19377726
4511.5	-0.038190725
4511.55	-0.13674666
4511.6	0.021276442
4511.65	-0.07810123
4511.7	0.072182426
4511.75	-0.041537708
4511.8	0.099396677
4511.85	-0.0037186127
4511.9	0.15295614
4511.95	0.048563909
4512	0.19803401
4512.05	0.094371199
4512.1	0.2333556
4512.15	0.1241689
4512.2	0.26377541
4512.25	0.16131587
4512.3	0.31310112
4512.35	0.20874118
4512.4	0.36922495
4512.45	0.28337391
4512.5	0.44521193
4512.55	0.35376379
4512.6	0.50917343
4512.65	0.40943832
4512.7	0.54795342
4512.75	0.44006458
4512.8	0.5859917
4512.85	0.46039069
4512.9	0.57989983
4512.95	0.46013284
4513	0.58856606
4513.05	0.4604157
4513.1	0.58526228
4513.15	0.46784182
4513.2	0.588044
4513.25	0.46082952
4513.3	0.58095804
4513.35	0.44606732
4513.4	0.55159053
4513.45	0.41812592
4513.5	0.53869282
4513.55	0.40660657
4513.6	0.52061638
4513.65	0.37364151
4513.7	0.47925248
4513.75	0.32821712
4513.8	0.41893084
4513.85	0.2604066
4513.9	0.33554911
4513.95	0.14019759
4514	0.19695215
4514.05	0.014099073
4514.1	0.070441631
4514.15	-0.13866162
4514.2	-0.095633331
4514.25	-0.29202078
4514.3	-0.23855408
4514.35	-0.42705201
4514.4	-0.35659846
4514.45	-0.52243968
4514.5	-0.41491601
4514.55	-0.538658
4514.6	-0.38416787
4514.65	-0.44774828
4514.7	-0.2331557
4514.75	-0.24630671
4514.8	0.019519276
4514.85	0.064694005
4514.9	0.3803855
4514.95	0.45462851
4515	0.76291025
4515.05	0.80774801
4515.1	1.0726304
4515.15	1.0372383
4515.2	1.215758
4515.25	1.0964881
4515.3	1.1699298
4515.35	0.92495747
4515.4	0.87466222
4515.45	0.51659136
4515.5	0.34376513
4515.55	-0.12251834
4515.6	-0.37001823
4515.65	-0.89094939
4515.7	-1.1693411
4515.75	-1.6883064
4515.8	-1.9375189
4515.85	-2.4256451
4515.9	-2.6447233
4515.95	-3.0776893
4516	-3.2285846
4516.05	-3.5936127
4516.1	-3.6661895
4516.15	-3.9487618
4516.2	-3.9559583
4516.25	-4.1951052
4516.3	-4.1552084
4516.35	-4.3518655
4516.4	-4.2970568
4516.45	-4.4823842
4516.5	-4.4130539
4516.55	-4.6039334
4516.6	-4.5344521
4516.65	-4.7119577
4516.7	-4.6539171
4516.75	-4.8511668
4516.8	-4.7854618
4516.85	-4.9649388
4516.9	-4.8967826
4516.95	-5.063642
4517	-4.9641725
4517.05	-5.1093015
4517.1	-4.9809588
4517.15	-5.0955975
4517.2	-4.9449883
4517.25	-5.0357038
4517.3	-4.8596393
4517.35	-4.9147672
4517.4	-4.6991028
4517.45	-4.7214207
4517.5	-4.4873947
4517.55	-4.5101205
4517.6	-4.2709526
4517.65	-4.2780968
4517.7	-4.0527516
4517.75	-4.0910277
4517.8	-3.883336
4517.85	-3.9475953
4517.9	-3.7734472
4517.95	-3.8577125
4518	-3.7153906
4518.05	-3.8320648
4518.1	-3.7125093
4518.15	-3.8612141
4518.2	-3.7821257
4518.25	-3.9686286
4518.3	-3.9171155
4518.35	-4.146493
4518.4	-4.1481679
4518.45	-4.4022949
4518.5	-4.4204823
4518.55	-4.7186872
4518.6	-4.7702494
4518.65	-5.0687421
4518.7	-5.1240387
4518.75	-5.4375578
4518.8	-5.4925302
4518.85	-5.7613412
4518.9	-5.7705673
4518.95	-6.0073845
4519	-5.9428537
4519.05	-6.0880318
4519.1	-5.9348559
4519.15	-5.9786246
4519.2	-5.7153825
4519.25	-5.6539899
4519.3	-5.2805761
4519.35	-5.0856666
4519.4	-4.5932662
4519.45	-4.313136
4519.5	-3.7522784
4519.55	-3.4132967
4519.6	-2.8315687
4519.65	-2.532719
4519.7	-2.0472099
4519.75	-1.8875183
4519.8	-1.570388
4519.85	-1.6264527
4519.9	-1.5579455
4519.95	-1.871797
4520	-2.07042
4520.05	-2.660938
4520.1	-3.1336303
4520.15	-3.9623225
4520.2	-4.633651
4520.25	-5.6340367
4520.3	-6.4317234
4520.35	-7.5069537
4520.4	-8.3281548
4520.45	-9.3840662
4520.5	-10.153007
4520.55	-11.107782
4520.6	-11.759257
4520.65	-12.602449
4520.7	-13.12936
4520.75	-13.844864
4520.8	-14.267132
4520.85	-14.901533
4520.9	-15.25896
4520.95	-15.875701
4521	-16.23985
4521.05	-16.877604
4521.1	-17.303832
4521.15	-18.018602
4521.2	-18.531505
4521.25	-19.352134
4521.3	-19.977465
4521.35	-20.896944
4521.4	-21.60933
4521.45	-22.614313
4521.5	-23.380836
4521.55	-24.408307
4521.6	-25.184774
4521.65	-26.190456
4521.7	-26.897082
4521.75	-27.802947
4521.8	-28.374119
4521.85	-29.11263
4521.9	-29.532013
4521.95	-30.126668
4522	-30.383236
4522.05	-30.808935
4522.1	-30.897293
4522.15	-31.103199
4522.2	-30.83114
4522.25	-30.463635
4522.3	-29.298718
4522.35	-27.521671
4522.4	-24.242941
4522.45	-19.445713
4522.5	-11.997238
4522.55	-1.6370225
4522.6	12.937189
4522.65	32.052436
4522.7	57.012586
4522.75	87.966258
4522.8	125.7946
4522.85	170.03476
4522.9	220.74932
4522.95	276.45276
4523	336.02992
4523.05	396.85075
4523.1	456.80087
4523.15	512.4218
4523.2	561.07323
4523.25	599.2288
4523.3	624.5952
4523.35	634.40449
4523.4	627.51414
4523.45	602.58999
4523.5	560.16722
4523.55	500.70142
4523.6	426.51374
4523.65	339.77642
4523.7	244.3293
4523.75	143.46374
4523.8	41.682035
4523.85	-57.529602
4523.9	-149.94934
4523.95	-232.84828
4524	-303.15824
4524.05	-359.62026
4524.1	-400.85026
4524.15	-427.364
4524.2	-439.53633
4524.25	-439.47369
4524.3	-428.82646
4524.35	-410.62235
4524.4	-387.04213
4524.45	-361.19938
4524.5	-334.95263
4524.55	-310.77248
4524.6	-289.61887
4524.65	-272.91468
4524.7	-260.54647
4524.75	-252.93952
4524.8	-249.09597
4524.85	-248.72872
4524.9	-250.34147
4524.95	-253.37872
4525	-256.27388
4525.05	-258.53812
4525.1	-258.80596
4525.15	-256.85161
4525.2	-251.58852
4525.25	-243.05925
4525.3	-230.47392
4525.35	-214.19709
4525.4	-193.70816
4525.45	-169.64649
4525.5	-141.84542
4525.55	-111.29095
4525.6	-78.098417
4525.65	-43.551138
4525.7	-8.0407626
4525.75	26.996088
4525.8	61.131188
4525.85	92.947243
4525.9	122.12645
4525.95	147.49725
4526	169.03002
4526.05	185.79243
4526.1	198.01267
4526.15	205.07385
4526.2	207.41683
4526.25	204.59585
4526.3	197.24703
4526.35	185.09984
4526.4	168.95887
4526.45	148.75703
4526.5	125.53114
4526.55	99.416713
4526.6	71.676844
4526.65	42.663278
4526.7	13.774141
4526.75	-14.576213
4526.8	-40.970117
4526.85	-65.055799
4526.9	-85.617782
4526.95	-102.57226
4527	-114.98043
4527.05	-123.10198
4527.1	-126.37444
4527.15	-125.38784
4527.2	-119.87018
4527.25	-110.66303
4527.3	-97.675589
4527.35	-81.880352
4527.4	-63.289527
4527.45	-42.92808
4527.5	-20.821439
4527.55	1.9670786
4527.6	25.36026
4527.65	48.281035
4527.7	70.618687
4527.75	91.263198
4527.8	110.13553
4527.85	126.17565
4527.9	139.34371
4527.95	148.69001
4528	154.38019
4528.05	155.67164
4528.1	152.95088
4528.15	145.76549
4528.2	134.80936
4528.25	119.90202
4528.3	101.99442
4528.35	81.19998
4528.4	58.699677
4528.45	34.712163
4528.5	10.529052
4528.55	-13.549425
4528.6	-36.277767
4528.65	-57.496464
4528.7	-76.078874
4528.75	-92.049812
4528.8	-104.5797
4528.85	-113.93957
4528.9	-119.49958
4528.95	-121.75758
4529	-120.3203
4529.05	-115.82837
4529.1	-108.01351
4529.15	-97.644346
4529.2	-84.527284
4529.25	-69.52656
4529.3	-52.541993
4529.35	-34.514278
4529.4	-15.399402
4529.45	3.7893333
4529.5	23.021509
4529.55	41.270237
4529.6	58.505273
4529.65	73.734852
4529.7	87.028027
4529.75	97.538185
4529.8	105.47854
4529.85	110.19079
4529.9	112.14171
4529.95	110.89172
4530	107.09206
4530.05	100.51404
4530.1	91.991662
4530.15	81.395997
4530.2	69.611648
4530.25	56.567347
4530.3	43.156218
4530.35	29.241403
4530.4	15.655955
4530.45	2.2188217
4530.5	-10.30597
4530.55	-22.182178
4530.6	-32.676325
4530.65	-42.057196
4530.7	-49.624291
4530.75	-55.67819
4530.8	-59.558926
4530.85	-61.598503
4530.9	-61.207143
4530.95	-58.853703
4531	-54.084725
4531.05	-47.53054
4531.1	-38.919708
4531.15	-29.057795
4531.2	-17.820457
4531.25	-6.1441234
4531.3	6.0297245
4531.35	17.776756
4531.4	29.202252
4531.45	39.45005
4531.5	48.763862
4531.55	56.443253
4531.6	62.861841
4531.65	67.453313
4531.7	70.697412
4531.75	72.106632
4531.8	72.213801
4531.85	70.576207
4531.9	67.74127
4531.95	63.266753
4532	57.737317
4532.05	50.761176
4532.1	42.96871
4532.15	34.052604
4532.2	24.741747
4532.25	14.805149
4532.3	5.0023106
4532.35	-4.8492504
4532.4	-13.939581
4532.45	-22.46673
4532.5	-29.693026
4532.55	-35.891356
4532.6	-40.389333
4532.65	-43.617334
4532.7	-45.066978
4532.75	-45.255783
4532.8	-43.773711
4532.85	-41.283847
4532.9	-37.468655
4532.95	-32.983598
4533	-27.551784
4533.05	-21.90858
4533.1	-15.737419
4533.15	-9.6882275
4533.2	-3.4305178
4533.25	2.3887958
4533.3	8.1646149
4533.35	13.311336
4533.4	18.234211
4533.45	22.370161
4533.5	26.183474
4533.55	29.123056
4533.6	31.641918
4533.65	33.219966
4533.7	34.358171
4533.75	34.52691
4533.8	34.221932
4533.85	32.956861
4533.9	31.263033
4533.95	28.669095
4534	25.743453
4534.05	22.077189
4534.1	18.273423
4534.15	13.94617
4534.2	9.7487431
4534.25	5.3210358
4534.3	1.2931066
4534.35	-2.6840317
4534.4	-5.9696509
4534.45	-8.9830658
4534.5	-11.153328
4534.55	-12.919387
4534.6	-13.768401
4534.65	-14.246278
4534.7	-13.907055
4534.75	-13.319558
4534.8	-12.065872
4534.85	-10.751747
4534.9	-8.9570239
4534.95	-7.2529472
4535	-5.2042808
4535.05	-3.3574753
4535.1	-1.2356532
4535.15	0.66385955
4535.2	2.8375881
4535.25	4.7967722
4535.3	7.0229228
4535.35	8.9902202
4535.4	11.171022
4535.45	13.028614
4535.5	15.004667
4535.55	16.525182
4535.6	18.032261
4535.65	18.951272
4535.7	19.727835
4535.75	19.824624
4535.8	19.751436
4535.85	19.011595
4535.9	18.144249
4535.95	16.705426
4536	15.262614
4536.05	13.39269
4536.1	11.679458
4536.15	9.6851331
4536.2	7.9740064
4536.25	6.0958052
4536.3	4.5921737
4536.35	3.0008044
4536.4	1.8540055
4536.45	0.65852302
4536.5	-0.08348278
4536.55	-0.86639408
4536.6	-1.2286523
4536.65	-1.6839494
4536.7	-1.7463811
4536.75	-1.9416221
4536.8	-1.7972753
4536.85	-1.8298847
4536.9	-1.5447958
4536.95	-1.4624146
4537	-1.0660862
4537.05	-0.84648999
4537.1	-0.29566835
4537.15	0.071311119
4537.2	0.76190707
4537.25	1.2616949
4537.3	2.0281683
4537.35	2.5118729
4537.4	3.1775279
4537.45	3.4790843
4537.5	3.8889284
4537.55	3.8937433
4537.6	3.9877058
4537.65	3.6831057
4537.7	3.5190376
4537.75	3.0327968
4537.8	2.7798403
4537.85	2.3183804
4537.9	2.1936357
4537.95	1.9256683
4538	2.0347577
4538.05	2.0366099
4538.1	2.4286571
4538.15	2.6849852
4538.2	3.2856709
4538.25	3.6880325
4538.3	4.339963
4538.35	4.6995496
4538.4	5.2124739
4538.45	5.3256938
4538.5	5.4782549
4538.55	5.1592819
4538.6	4.8376713
4538.65	4.0067235
4538.7	3.2049609
4538.75	1.9915315
4538.8	0.91832853
4538.85	-0.44120802
4538.9	-1.5054274
4538.95	-2.7000627
4539	-3.4585997
4539.05	-4.2711445
4539.1	-4.5971707
4539.15	-4.9384066
4539.2	-4.8221026
4539.25	-4.7803462
4539.3	-4.347509
4539.35	-4.047973
4539.4	-3.4230575
4539.45	-2.9821507
4539.5	-2.2141985
4539.55	-1.6275796
4539.6	-0.71040237
4539.65	0.059760842
4539.7	1.1877766
4539.75	2.1552695
4539.8	3.4639028
4539.85	4.5996271
4539.9	6.0329779
4539.95	7.2189929
4540	8.6102362
4540.05	9.6606265
4540.1	10.807235
4540.15	11.47073
4540.2	12.089118
4540.25	12.108276
4540.3	11.977921
4540.35	11.176127
4540.4	10.215851
4540.45	8.629052
4540.5	7.0090101
4540.55	4.9464888
4540.6	3.0419396
4540.65	0.93872739
4540.7	-0.7268999
4540.75	-2.3838801
4540.8	-3.460878
4540.85	-4.3932799
4540.9	-4.6911555
4540.95	-4.9175175
4541	-4.619616
4541.05	-4.3736141
4541.1	-3.7856259
4541.15	-3.4462095
4541.2	-2.888306
4541.25	-2.6362408
4541.3	-2.1945777
4541.35	-2.061657
4541.4	-1.6764655
4541.45	-1.5044997
4541.5	-1.0027018
4541.55	-0.62163499
4541.6	0.16674517
4541.65	0.87721793
4541.7	2.013643
4541.75	3.051674
4541.8	4.4351111
4541.85	5.6154426
4541.9	7.0286468
4541.95	8.0938707
4542	9.2423772
4542.05	9.9035752
4542.1	10.509925
4542.15	10.514503
4542.2	10.403479
4542.25	9.6961704
4542.3	8.9155852
4542.35	7.6174453
4542.4	6.3698081
4542.45	4.7861273
4542.5	3.4188736
4542.55	1.8191469
4542.6	0.56375427
4542.65	-0.82774597
4542.7	-1.8688725
4542.75	-3.0588948
4542.8	-3.9070887
4542.85	-4.9525413
4542.9	-5.7211906
4542.95	-6.7054143
4543	-7.3849184
4543.05	-8.2400977
4543.1	-8.7247282
4543.15	-9.2751356
4543.2	-9.3574795
4543.25	-9.4142619
4543.3	-8.8994253
4543.35	-8.2898877
4543.4	-7.0732556
4543.45	-5.7451979
4543.5	-3.8312499
4543.55	-1.8923814
4543.6	0.52075463
4543.65	2.8214275
4543.7	5.4152302
4543.75	7.6908957
4543.8	10.056792
4543.85	11.894926
4543.9	13.597579
4543.95	14.60213
4544	15.369094
4544.05	15.401001
4544.1	15.213817
4544.15	14.335223
4544.2	13.353479
4544.25	11.861409
4544.3	10.44281
4544.35	8.6819153
4544.4	7.1555389
4544.45	5.4219337
4544.5	4.0130655
4544.55	2.458684
4544.6	1.2828696
4544.65	-0.0038955117
4544.7	-0.88742051
4544.75	-1.8440416
4544.8	-2.3683602
4544.85	-2.9373793
4544.9	-3.0366819
4544.95	-3.1343261
4545	-2.7171137
4545.05	-2.2634537
4545.1	-1.2852968
4545.15	-0.31509359
4545.2	1.1327565
4545.25	2.5233058
4545.3	4.275499
4545.35	5.8129391
4545.4	7.5765762
4545.45	9.0078501
4545.5	10.52973
4545.55	11.571775
4545.6	12.591516
4545.65	13.047848
4545.7	13.419244
4545.75	13.189007
4545.8	12.882285
4545.85	12.035199
4545.9	11.182639
4545.95	9.8710217
4546	8.6685501
4546.05	7.1257089
4546.1	5.7854007
4546.15	4.1768267
4546.2	2.8408405
4546.25	1.3004395
4546.3	0.052402935
4546.35	-1.4175804
4546.4	-2.5930383
4546.45	-3.9838369
4546.5	-5.0895198
4546.55	-6.3944309
4546.6	-7.380872
4546.65	-8.5303885
4546.7	-9.3292967
4546.75	-10.22109
4546.8	-10.673525
4546.85	-11.160415
4546.9	-11.184658
4546.95	-11.230663
4547	-10.761435
4547.05	-10.291263
4547.1	-9.3362098
4547.15	-8.4127107
4547.2	-7.0220704
4547.25	-5.6969691
4547.3	-3.9736454
4547.35	-2.3755672
4547.4	-0.44894246
4547.45	1.277137
4547.5	3.2543316
4547.55	4.9617635
4547.6	6.8648743
4547.65	8.4491826
4547.7	10.190812
4547.75	11.585639
4547.8	13.118764
4547.85	14.269228
4547.9	15.512368
4547.95	16.307933
4548	17.127541
4548.05	17.438504
4548.1	17.684851
4548.15	17.312625
4548.2	16.806444
4548.25	15.67028
4548.3	14.39961
4548.35	12.488731
4548.4	10.505242
4548.45	8.0034808
4548.5	5.5096742
4548.55	2.5859963
4548.6	-0.16260302
4548.65	-3.1598518
4548.7	-5.8449308
4548.75	-8.6064351
4548.8	-10.845485
4548.85	-13.000388
4548.9	-14.522913
4548.95	-15.850542
4549	-16.460947
4549.05	-16.863552
4549.1	-16.577167
4549.15	-16.159956
4549.2	-15.204449
4549.25	-14.320813
4549.3	-13.107682
4549.35	-12.197569
4549.4	-11.220405
4549.45	-10.751487
4549.5	-10.377258
4549.55	-10.690486
4549.6	-11.215139
4549.65	-12.438121
4549.7	-13.841892
4549.75	-15.874722
4549.8	-17.940256
4549.85	-20.429839
4549.9	-22.742846
4549.95	-25.242243
4550	-27.266801
4550.05	-29.217838
4550.1	-30.502659
4550.15	-31.539628
4550.2	-31.776723
4550.25	-31.684597
4550.3	-30.79746
4550.35	-29.640775
4550.4	-27.775619
4550.45	-25.783107
4550.5	-23.245842
4550.55	-20.739302
4550.6	-17.823721
4550.65	-15.092471
4550.7	-12.102836
4550.75	-9.3962391
4550.8	-6.5181142
4550.85	-4.0036523
4550.9	-1.3713784
4550.95	0.84593727
4551	3.1127124
4551.05	4.9098525
4551.1	6.698752
4551.15	7.9433579
4551.2	9.1339277
4551.25	9.7480105
4551.3	10.263496
4551.35	10.17184
4551.4	10.000703
4551.45	9.2699653
4551.5	8.5030995
4551.55	7.2455218
4551.6	6.0509693
4551.65	4.4983204
4551.7	3.1423386
4551.75	1.5595651
4551.8	0.30137031
4551.85	-1.0818652
4551.9	-2.0432022
4551.95	-3.0746133
4552	-3.6641027
4552.05	-4.3220855
4552.1	-4.5724658
4552.15	-4.9415481
4552.2	-4.9601475
4552.25	-5.1639569
4552.3	-5.0730268
4552.35	-5.2044282
4552.4	-5.067321
4552.45	-5.1341019
4552.5	-4.8764424
4552.55	-4.7716345
4552.6	-4.2754865
4552.65	-3.850365
4552.7	-2.9749596
4552.75	-2.1570091
4552.8	-0.89405308
4552.85	0.30851039
4552.9	1.9067305
4552.95	3.3287552
4553	5.0090696
4553.05	6.3852342
4553.1	7.9054069
4553.15	8.9897568
4553.2	10.111371
4553.25	10.731529
4553.3	11.326585
4553.35	11.405574
4553.4	11.502231
4553.45	11.14685
4553.5	10.866664
4553.55	10.223512
4553.6	9.7592602
4553.65	9.0148924
4553.7	8.5226534
4553.75	7.8031215
4553.8	7.365478
4553.85	6.6975014
4553.9	6.3015142
4553.95	5.635825
4554	5.1839777
4554.05	4.4468082
4554.1	3.926888
4554.15	3.0868692
4554.2	2.4470114
4554.25	1.5277369
4554.3	0.83562393
4554.35	-0.11485848
4554.4	-0.76632928
4554.45	-1.5931211
4554.5	-2.095059
4554.55	-2.7593689
4554.6	-3.0573814
4554.65	-3.4990914
4554.7	-3.6201421
4554.75	-3.9123806
4554.8	-3.8954201
4554.85	-4.1078977
4554.9	-4.0802878
4554.95	-4.3282397
4555	-4.3427982
4555.05	-4.6394191
4555.1	-4.709789
4555.15	-5.0334396
4555.2	-5.0862755
4555.25	-5.3503835
4555.3	-5.3177836
4555.35	-5.4590022
4555.4	-5.2587725
4555.45	-5.2374141
4555.5	-4.9000355
4555.55	-4.7548778
4555.6	-4.3283002
4555.65	-4.1651229
4555.7	-3.797701
4555.75	-3.7417931
4555.8	-3.5188604
4555.85	-3.6534496
4555.9	-3.6480235
4555.95	-4.0084336
4556	-4.2261658
4556.05	-4.7666291
4556.1	-5.0877781
4556.15	-5.6565711
4556.2	-5.9364162
4556.25	-6.3781721
4556.3	-6.4425961
4556.35	-6.6022754
4556.4	-6.3429174
4556.45	-6.1458337
4556.5	-5.5109409
4556.55	-4.9621206
4556.6	-4.0159793
4556.65	-3.1962071
4556.7	-2.0451012
4556.75	-1.0836943
4556.8	0.17701259
4556.85	1.205989
4556.9	2.498208
4556.95	3.5402427
4557	4.8190519
4557.05	5.8123971
4557.1	7.0203658
4557.15	7.9291805
4557.2	9.0082857
4557.25	9.7276971
4557.3	10.556318
4557.35	10.960373
4557.4	11.414267
4557.45	11.382959
4557.5	11.348146
4557.55	10.802068
4557.6	10.2599
4557.65	9.2350743
4557.7	8.2509229
4557.75	6.8365845
4557.8	5.5447011
4557.85	3.9446952
4557.9	2.5825256
4557.95	1.0076471
4558	-0.21917477
4558.05	-1.5504761
4558.1	-2.4488184
4558.15	-3.3931402
4558.2	-3.8705461
4558.25	-4.3660811
4558.3	-4.4001275
4558.35	-4.4889172
4558.4	-4.1653985
4558.45	-3.9370996
4558.5	-3.3462825
4558.55	-2.9183129
4558.6	-2.1727159
4558.65	-1.6121011
4558.7	-0.74785266
4558.75	-0.090285888
4558.8	0.87226658
4558.85	1.6530583
4558.9	2.744742
4558.95	3.6421861
4559	4.859781
4559.05	5.8771517
4559.1	7.1576394
4559.15	8.1835749
4559.2	9.4280511
4559.25	10.348709
4559.3	11.410881
4559.35	12.079215
4559.4	12.8422
4559.45	13.159008
4559.5	13.510347
4559.55	13.371721
4559.6	13.273874
4559.65	12.720801
4559.7	12.235789
4559.75	11.33007
4559.8	10.551026
4559.85	9.4292185
4559.9	8.4929712
4559.95	7.2788934
4560	6.3190426
4560.05	5.149341
4560.1	4.2643712
4560.15	3.1881446
4560.2	2.4371633
4560.25	1.5196828
4560.3	0.94639544
4560.35	0.23693451
4560.4	-0.10098077
4560.45	-0.56389634
4560.5	-0.61579051
4560.55	-0.73271119
4560.6	-0.41094556
4560.65	-0.12531962
4560.7	0.6348422
4560.75	1.3421121
4560.8	2.4880484
4560.85	3.5437679
4560.9	4.9735639
4560.95	6.2195886
4561	7.7435434
4561.05	8.9958923
4561.1	10.426178
4561.15	11.480446
4561.2	12.627938
4561.25	13.325913
4561.3	14.064402
4561.35	14.333
4561.4	14.630429
4561.45	14.464447
4561.5	14.376572
4561.55	13.902743
4561.6	13.586691
4561.65	12.974197
4561.7	12.62629
4561.75	12.091691
4561.8	11.911136
4561.85	11.620964
4561.9	11.782222
4561.95	11.917913
4562	12.524985
4562.05	13.12003
4562.1	14.229549
4562.15	15.319794
4562.2	16.870092
4562.25	18.354119
4562.3	20.253736
4562.35	22.02093
4562.4	24.118368
4562.45	26.010059
4562.5	28.166574
4562.55	30.046923
4562.6	32.121489
4562.65	33.85497
4562.7	35.713862
4562.75	37.168971
4562.8	38.693856
4562.85	39.783114
4562.9	40.918973
4562.95	41.58658
4563	42.267001
4563.05	42.450865
4563.1	42.6373
4563.15	42.312756
4563.2	41.972882
4563.25	41.115085
4563.3	40.24377
4563.35	38.859047
4563.4	37.463432
4563.45	35.579809
4563.5	33.738501
4563.55	31.449325
4563.6	29.234141
4563.65	26.62165
4563.7	24.145694
4563.75	21.328742
4563.8	18.688373
4563.85	15.760746
4563.9	13.086389
4563.95	10.167081
4564	7.530034
4564.05	4.6738651
4564.1	2.1202003
4564.15	-0.63735354
4564.2	-3.1075516
4564.25	-5.7925241
4564.3	-8.1895765
4564.35	-10.779429
4564.4	-13.048611
4564.45	-15.492763
4564.5	-17.594637
4564.55	-19.822962
4564.6	-21.654286
4564.65	-23.558625
4564.7	-25.028893
4564.75	-26.56318
4564.8	-27.659788
4564.85	-28.833989
4564.9	-29.59822
4564.95	-30.480016
4565	-30.99755
4565.05	-31.704466
4565.1	-32.123692
4565.15	-32.7809
4565.2	-33.199069
4565.25	-33.899955
4565.3	-34.378138
4565.35	-35.140463
4565.4	-35.668171
4565.45	-36.45153
4565.5	-36.955015
4565.55	-37.646399
4565.6	-38.002036
4565.65	-38.494366
4565.7	-38.601008
4565.75	-38.814688
4565.8	-38.639364
4565.85	-38.576941
4565.9	-38.143872
4565.95	-37.845462
4566	-37.196791
4566.05	-36.7411
4566.1	-35.985642
4566.15	-35.439459
4566.2	-34.605902
4566.25	-34.007638
4566.3	-33.136042
4566.35	-32.495812
4566.4	-31.596366
4566.45	-30.942938
4566.5	-30.055323
4566.55	-29.465017
4566.6	-28.698469
4566.65	-28.291227
4566.7	-27.772923
4566.75	-27.688564
4566.8	-27.556802
4566.85	-27.891981
4566.9	-28.205215
4566.95	-28.996338
4567	-29.735695
4567.05	-30.875948
4567.1	-31.903671
4567.15	-33.273353
4567.2	-34.418026
4567.25	-35.811744
4567.3	-36.905528
4567.35	-38.144236
4567.4	-39.008611
4567.45	-39.994856
4567.5	-40.58069
4567.55	-41.263199
4567.6	-41.569921
4567.65	-42.017126
4567.7	-42.112054
4567.75	-42.366515
4567.8	-42.30829
4567.85	-42.436539
4567.9	-42.235983
4567.95	-42.197391
4568	-41.811962
4568.05	-41.538266
4568.1	-40.83891
4568.15	-40.192529
4568.2	-39.073918
4568.25	-37.978454
4568.3	-36.408432
4568.35	-34.887657
4568.4	-32.95014
4568.45	-31.141534
4568.5	-29.015446
4568.55	-27.126697
4568.6	-25.015257
4568.65	-23.209221
4568.7	-21.233027
4568.75	-19.614196
4568.8	-17.853168
4568.85	-16.435611
4568.9	-14.845104
4568.95	-13.580698
4569	-12.121989
4569.05	-10.937727
4569.1	-9.5185322
4569.15	-8.376596
4569.2	-7.010395
4569.25	-5.9269441
4569.3	-4.6574465
4569.35	-3.7045552
4569.4	-2.6002594
4569.45	-1.8681176
4569.5	-1.0145427
4569.55	-0.55281128
4569.6	0.012540179
4569.65	0.20389305
4569.7	0.5570794
4569.75	0.60009223
4569.8	0.87808105
4569.85	0.93088517
4569.9	1.2982544
4569.95	1.5046787
4570	2.0770156
4570.05	2.5168552
4570.1	3.3324041
4570.15	3.994281
4570.2	4.9610936
4570.25	5.6924791
4570.3	6.6463458
4570.35	7.286988
4570.4	8.0686883
4570.45	8.4594341
4570.5	8.9515698
4570.55	9.0524054
4570.6	9.266938
4570.65	9.0958626
4570.7	9.072596
4570.75	8.7397749
4570.8	8.6340893
4570.85	8.2872036
4570.9	8.2350848
4570.95	8.0094335
4571	8.1274824
4571.05	8.1069963
4571.1	8.4517738
4571.15	8.6413422
4571.2	9.1783803
4571.25	9.5377804
4571.3	10.204042
4571.35	10.667192
4571.4	11.40718
4571.45	11.924333
4571.5	12.705319
4571.55	13.243726
4571.6	14.044136
4571.65	14.617858
4571.7	15.467095
4571.75	16.084144
4571.8	16.964676
4571.85	17.599261
4571.9	18.495409
4571.95	19.12317
4572	19.95185
4572.05	20.469318
4572.1	21.139235
4572.15	21.428111
4572.2	21.813067
4572.25	21.787843
4572.3	21.835235
4572.35	21.444369
4572.4	21.121364
4572.45	20.383227
4572.5	19.755876
4572.55	18.756382
4572.6	17.917898
4572.65	16.787282
4572.7	15.902638
4572.75	14.799659
4572.8	14.015848
4572.85	13.08063
4572.9	12.508517
4572.95	11.827769
4573	11.546714
4573.05	11.171783
4573.1	11.20564
4573.15	11.132785
4573.2	11.464469
4573.25	11.699311
4573.3	12.32366
4573.35	12.830916
4573.4	13.723416
4573.45	14.489523
4573.5	15.609845
4573.55	16.556353
4573.6	17.818346
4573.65	18.852498
4573.7	20.148605
4573.75	21.158476
4573.8	22.340518
4573.85	23.153512
4573.9	24.079837
4573.95	24.581264
4574	25.113045
4574.05	25.167794
4574.1	25.232313
4574.15	24.792069
4574.2	24.346314
4574.25	23.441239
4574.3	22.602868
4574.35	21.353496
4574.4	20.250853
4574.45	18.879851
4574.5	17.785762
4574.55	16.509535
4574.6	15.612548
4574.65	14.657198
4574.7	14.143567
4574.75	13.582313
4574.8	13.498198
4574.85	13.374017
4574.9	13.665697
4574.95	13.848191
4575	14.398841
4575.05	14.758228
4575.1	15.382846
4575.15	15.766799
4575.2	16.36979
4575.25	16.667267
4575.3	17.150194
4575.35	17.307287
4575.4	17.622538
4575.45	17.611773
4575.5	17.781111
4575.55	17.634385
4575.6	17.659799
4575.65	17.383489
4575.7	17.305116
4575.75	16.915948
4575.8	16.708138
4575.85	16.176569
4575.9	15.82534
4575.95	15.119764
4576	14.568771
4576.05	13.681027
4576.1	12.954922
4576.15	11.878235
4576.2	11.007148
4576.25	9.8589043
4576.3	8.950965
4576.35	7.8090179
4576.4	7.0098332
4576.45	6.0548469
4576.5	5.4671503
4576.55	4.7762628
4576.6	4.5116924
4576.65	4.1807212
4576.7	4.2904222
4576.75	4.3645729
4576.8	4.8950394
4576.85	5.3615147
4576.9	6.2693422
4576.95	7.0955765
4577	8.2959289
4577.05	9.3099213
4577.1	10.599749
4577.15	11.61359
4577.2	12.786445
4577.25	13.554912
4577.3	14.377406
4577.35	14.711772
4577.4	15.035203
4577.45	14.828072
4577.5	14.600944
4577.55	13.890504
4577.6	13.220574
4577.65	12.114583
4577.7	11.14149
4577.75	9.8616333
4577.8	8.8319243
4577.85	7.6042489
4577.9	6.7275347
4577.95	5.75509
4578	5.2251456
4578.05	4.6599624
4578.1	4.5795948
4578.15	4.4719506
4578.2	4.8364289
4578.25	5.137903
4578.3	5.8366941
4578.35	6.3827699
4578.4	7.2435709
4578.45	7.8517069
4578.5	8.6537174
4578.55	9.1214624
4578.6	9.7258836
4578.65	9.9360291
4578.7	10.237772
4578.75	10.153237
4578.8	10.19059
4578.85	9.8584591
4578.9	9.6930613
4578.95	9.2191698
4579	8.9529009
4579.05	8.4185172
4579.1	8.1527494
4579.15	7.6625196
4579.2	7.4493358
4579.25	7.0245286
4579.3	6.9129285
4579.35	6.5970383
4579.4	6.5812451
4579.45	6.3779632
4579.5	6.4832467
4579.55	6.374789
4579.6	6.5619045
4579.65	6.548
4579.7	6.8187809
4579.75	6.867686
4579.8	7.2307241
4579.85	7.3930956
4579.9	7.8526091
4579.95	8.1307726
4580	8.7398495
4580.05	9.1550828
4580.1	9.8844901
4580.15	10.421616
4580.2	11.251548
4580.25	11.82816
4580.3	12.631437
4580.35	13.1239
4580.4	13.76184
4580.45	14.021904
4580.5	14.396367
4580.55	14.359928
4580.6	14.412682
4580.65	14.076699
4580.7	13.88154
4580.75	13.346971
4580.8	12.99428
4580.85	12.379125
4580.9	12.021913
4580.95	11.449007
4581	11.187369
4581.05	10.747973
4581.1	10.627586
4581.15	10.314972
4581.2	10.310988
4581.25	10.08918
4581.3	10.124207
4581.35	9.894557
4581.4	9.8798962
4581.45	9.5459982
4581.5	9.4053567
4581.55	8.9453961
4581.6	8.6708316
4581.65	8.1072996
4581.7	7.7861265
4581.75	7.2307255
4581.8	6.9746999
4581.85	6.5548194
4581.9	6.4876165
4581.95	6.2817733
4582	6.4404153
4582.05	6.4689088
4582.1	6.8409374
4582.15	7.0316595
4582.2	7.523441
4582.25	7.7840951
4582.3	8.2717151
4582.35	8.4535687
4582.4	8.8150829
4582.45	8.8654055
4582.5	9.0868098
4582.55	8.9610364
4582.6	9.0225627
4582.65	8.7877236
4582.7	8.7790196
4582.75	8.4916966
4582.8	8.4465568
4582.85	8.1498226
4582.9	8.0986784
4582.95	7.7822333
4583	7.7084033
4583.05	7.3668036
4583.1	7.2448592
4583.15	6.838288
4583.2	6.6451557
4583.25	6.1533624
4583.3	5.8781826
4583.35	5.3382473
4583.4	5.0308478
4583.45	4.476555
4583.5	4.209226
4583.55	3.7596266
4583.6	3.6283825
4583.65	3.3274759
4583.7	3.3900145
4583.75	3.3056032
4583.8	3.5717826
4583.85	3.6762034
4583.9	4.1010534
4583.95	4.3201199
4584	4.7880996
4584.05	4.9944707
4584.1	5.410131
4584.15	5.5103405
4584.2	5.7914029
4584.25	5.7670982
4584.3	5.9203587
4584.35	5.7794643
4584.4	5.868264
4584.45	5.7035446
4584.5	5.8235754
4584.55	5.7529854
4584.6	5.9883816
4584.65	6.051705
4584.7	6.4516778
4584.75	6.6642317
4584.8	7.1759782
4584.85	7.4696578
4584.9	8.0277924
4584.95	8.3001691
4585	8.7538295
4585.05	8.8915265
4585.1	9.189981
4585.15	9.1196493
4585.2	9.1859846
4585.25	8.9053346
4585.3	8.8046732
4585.35	8.3831706
4585.4	8.1574097
4585.45	7.651033
4585.5	7.3913839
4585.55	6.8589502
4585.6	6.5736776
4585.65	6.0539606
4585.7	5.7869873
4585.75	5.2625077
4585.8	4.9763433
4585.85	4.4433962
4585.9	4.154632
4585.95	3.5969527
4586	3.308078
4586.05	2.7968431
4586.1	2.5792087
4586.15	2.1797825
4586.2	2.1175805
4586.25	1.901901
4586.3	2.0433093
4586.35	2.0405335
4586.4	2.3760681
4586.45	2.5247356
4586.5	2.9831382
4586.55	3.2101778
4586.6	3.6694545
4586.65	3.83385
4586.7	4.1859604
4586.75	4.2035275
4586.8	4.3673628
4586.85	4.1873342
4586.9	4.1578608
4586.95	3.7904356
4587	3.6216672
4587.05	3.1864565
4587.1	2.9927539
4587.15	2.5813733
4587.2	2.501133
4587.25	2.2550728
4587.3	2.340682
4587.35	2.2735595
4587.4	2.5573696
4587.45	2.6590492
4587.5	3.080936
4587.55	3.3041371
4587.6	3.795628
4587.65	4.0304425
4587.7	4.4983304
4587.75	4.6718606
4587.8	5.0472184
4587.85	5.1287916
4587.9	5.4345927
4587.95	5.4472721
4588	5.688224
4588.05	5.6629725
4588.1	5.8732958
4588.15	5.8259983
4588.2	6.0419265
4588.25	6.0110774
4588.3	6.2036285
4588.35	6.1097188
4588.4	6.2236113
4588.45	6.0396063
4588.5	6.0354749
4588.55	5.7161258
4588.6	5.5939359
4588.65	5.1543037
4588.7	4.9026756
4588.75	4.3511713
4588.8	4.0102206
4588.85	3.3874524
4588.9	3.0079713
4588.95	2.3936143
4589	2.0622106
4589.05	1.5222599
4589.1	1.2838519
4589.15	0.8391378
4589.2	0.68669998
4589.25	0.31400881
4589.3	0.21888308
4589.35	-0.12469252
4589.4	-0.2163794
4589.45	-0.56808235
4589.5	-0.67288886
4589.55	-1.0575214
4589.6	-1.1963521
4589.65	-1.5642329
4589.7	-1.6730308
4589.75	-2.0152862
4589.8	-2.0568993
4589.85	-2.2997666
4589.9	-2.252913
4589.95	-2.3897591
4590	-2.2187924
4590.05	-2.2608043
4590.1	-2.0175154
4590.15	-1.9912052
4590.2	-1.7066907
4590.25	-1.6828866
4590.3	-1.4420862
4590.35	-1.501295
4590.4	-1.3821897
4590.45	-1.5953707
4590.5	-1.6536597
4590.55	-2.0582881
4590.6	-2.3158449
4590.65	-2.892828
4590.7	-3.2702814
4590.75	-3.9451647
4590.8	-4.3899324
4590.85	-5.0703865
4590.9	-5.4674301
4590.95	-6.0718776
4591	-6.3479888
4591.05	-6.7811703
4591.1	-6.8861574
4591.15	-7.1473849
4591.2	-7.0570336
4591.25	-7.1140051
4591.3	-6.8465383
4591.35	-6.7489692
4591.4	-6.3205658
4591.45	-6.0850996
4591.5	-5.5516463
4591.55	-5.2231358
4591.6	-4.6199434
4591.65	-4.2638103
4591.7	-3.6618284
4591.75	-3.3106898
4591.8	-2.7472543
4591.85	-2.4834142
4591.9	-2.0230498
4591.95	-1.8773291
4592	-1.5465621
4592.05	-1.5561128
4592.1	-1.4030784
4592.15	-1.5932139
4592.2	-1.6135709
4592.25	-1.95781
4592.3	-2.1204102
4592.35	-2.6037955
4592.4	-2.887622
4592.45	-3.4424296
4592.5	-3.7736404
4592.55	-4.3626181
4592.6	-4.6577239
4592.65	-5.1673712
4592.7	-5.3895118
4592.75	-5.7943095
4592.8	-5.875186
4592.85	-6.1596159
4592.9	-6.1547955
4592.95	-6.3346045
4593	-6.2341721
4593.05	-6.3745954
4593.1	-6.2391137
4593.15	-6.3367693
4593.2	-6.1940731
4593.25	-6.3013269
4593.3	-6.1657254
4593.35	-6.2870317
4593.4	-6.1654606
4593.45	-6.2801752
4593.5	-6.1480892
4593.55	-6.2562015
4593.6	-6.1105191
4593.65	-6.1787312
4593.7	-6.0062065
4593.75	-6.0543338
4593.8	-5.8393096
4593.85	-5.8508387
4593.9	-5.6280175
4593.95	-5.6170743
4594	-5.3710824
4594.05	-5.3610086
4594.1	-5.1406888
4594.15	-5.1314445
4594.2	-4.9140896
4594.25	-4.931449
4594.3	-4.7400833
4594.35	-4.7432805
4594.4	-4.5403901
4594.45	-4.516813
4594.5	-4.2690074
4594.55	-4.1868888
4594.6	-3.8701313
4594.65	-3.7072325
4594.7	-3.3259879
4594.75	-3.0978214
4594.8	-2.6521013
4594.85	-2.3675085
4594.9	-1.9073304
4594.95	-1.5922642
4595	-1.1021586
4595.05	-0.77731276
4595.1	-0.29613465
4595.15	0.041648349
4595.2	0.52528682
4595.25	0.8624498
4595.3	1.3445437
4595.35	1.6922897
4595.4	2.1715405
4595.45	2.518052
4595.5	2.9820465
4595.55	3.3046505
4595.6	3.7190078
4595.65	3.9929506
4595.7	4.334446
4595.75	4.5193319
4595.8	4.7541829
4595.85	4.8376758
4595.9	4.956111
4595.95	4.9235121
4596	4.9241466
4596.05	4.7962042
4596.1	4.7053931
4596.15	4.5084567
4596.2	4.3657762
4596.25	4.1422561
4596.3	3.9782396
4596.35	3.755299
4596.4	3.6000129
4596.45	3.4001114
4596.5	3.2610615
4596.55	3.0819683
4596.6	2.9583046
4596.65	2.7998983
4596.7	2.6814469
4596.75	2.526405
4596.8	2.4046222
4596.85	2.2483935
4596.9	2.1155513
4596.95	1.953829
4597	1.8136769
4597.05	1.6492328
4597.1	1.5034039
4597.15	1.3420233
4597.2	1.2001849
4597.25	1.0491713
4597.3	0.91665204
4597.35	0.78198484
4597.4	0.6649151
4597.45	0.54953308
4597.5	0.44946278
4597.55	0.3544097
4597.6	0.27355503
4597.65	0.1999716
4597.7	0.13940045
4597.75	0.088395297
4597.8	0.049712305
4597.85	0.021797996
4597.9	0.0054252971
4597.95	0
