# Menlo Systems GmbH TERAScan++
# Program Version 1.0.96
# Start: 3242 ps, Average over 67108 waveforms. Timestamp: 2017-10-16T15:40:38
# Window type: Tukey, parameters: alpha = 0.1
# Time [ps]	THz Signal [a.u.]
3242	0
3242.05	3.031764e-05
3242.1	9.6013726e-05
3242.15	0.00017214542
3242.2	0.00024077068
3242.25	0.00024313578
3242.3	0.00021213941
3242.35	0.00012661914
3242.4	-0.00014431496
3242.45	-0.00053032744
3242.5	-0.0010313567
3242.55	-0.0015642368
3242.6	-0.002216332
3242.65	-0.0025859972
3242.7	-0.0033752657
3242.75	-0.0034640442
3242.8	-0.0039423748
3242.85	-0.0041258982
3242.9	-0.0046338101
3242.95	-0.0039802424
3243	-0.0034745551
3243.05	-0.0018093968
3243.1	0.00026588664
3243.15	0.0031311393
3243.2	0.0061157929
3243.25	0.01072288
3243.3	0.015066667
3243.35	0.021457717
3243.4	0.028538636
3243.45	0.038874349
3243.5	0.047852332
3243.55	0.060000463
3243.6	0.072418035
3243.65	0.086934389
3243.7	0.10241119
3243.75	0.12157567
3243.8	0.1398898
3243.85	0.15807561
3243.9	0.17218272
3243.95	0.18589462
3244	0.19744833
3244.05	0.21209992
3244.1	0.22203056
3244.15	0.23325386
3244.2	0.24282764
3244.25	0.25014705
3244.3	0.2531123
3244.35	0.25454401
3244.4	0.24680169
3244.45	0.2370753
3244.5	0.22080705
3244.55	0.20202735
3244.6	0.17607889
3244.65	0.15435311
3244.7	0.12065893
3244.75	0.085174204
3244.8	0.045077977
3244.85	0.0047016495
3244.9	-0.044917472
3244.95	-0.095076757
3245	-0.151042
3245.05	-0.20319632
3245.1	-0.26086946
3245.15	-0.31578514
3245.2	-0.37529612
3245.25	-0.42951265
3245.3	-0.48701805
3245.35	-0.53040041
3245.4	-0.58020252
3245.45	-0.62097368
3245.5	-0.66526775
3245.55	-0.69578337
3245.6	-0.7271349
3245.65	-0.75337507
3245.7	-0.77437625
3245.75	-0.78505616
3245.8	-0.7943268
3245.85	-0.78726207
3245.9	-0.77571754
3245.95	-0.75361522
3246	-0.72493638
3246.05	-0.6899309
3246.1	-0.65375754
3246.15	-0.60951188
3246.2	-0.56140081
3246.25	-0.50768326
3246.3	-0.45383164
3246.35	-0.38899742
3246.4	-0.3305593
3246.45	-0.26243485
3246.5	-0.18899895
3246.55	-0.10917053
3246.6	-0.044981923
3246.65	0.017188824
3246.7	0.077106318
3246.75	0.14028058
3246.8	0.19348696
3246.85	0.24690779
3246.9	0.2874548
3246.95	0.32752013
3247	0.35298202
3247.05	0.3768602
3247.1	0.38181292
3247.15	0.3858152
3247.2	0.37821491
3247.25	0.36111938
3247.3	0.32898833
3247.35	0.29578089
3247.4	0.25479808
3247.45	0.21351922
3247.5	0.17200207
3247.55	0.12899197
3247.6	0.069502972
3247.65	0.016624724
3247.7	-0.033810135
3247.75	-0.078406418
3247.8	-0.13237153
3247.85	-0.17064674
3247.9	-0.22016982
3247.95	-0.27022405
3248	-0.33040109
3248.05	-0.37506785
3248.1	-0.41918983
3248.15	-0.45214716
3248.2	-0.4794228
3248.25	-0.50338147
3248.3	-0.53211596
3248.35	-0.54740295
3248.4	-0.55564717
3248.45	-0.55399323
3248.5	-0.55361033
3248.55	-0.54740022
3248.6	-0.54262577
3248.65	-0.53358527
3248.7	-0.52815597
3248.75	-0.51279168
3248.8	-0.49966205
3248.85	-0.47106853
3248.9	-0.44842773
3248.95	-0.41582693
3249	-0.38873592
3249.05	-0.35602097
3249.1	-0.33032469
3249.15	-0.28975524
3249.2	-0.26022721
3249.25	-0.23172783
3249.3	-0.21319618
3249.35	-0.18840713
3249.4	-0.17420973
3249.45	-0.15445389
3249.5	-0.14278174
3249.55	-0.12775351
3249.6	-0.12043744
3249.65	-0.10801313
3249.7	-0.10326868
3249.75	-0.092097672
3249.8	-0.079998509
3249.85	-0.069509171
3249.9	-0.071478252
3249.95	-0.063204018
3250	-0.058861125
3250.05	-0.048085293
3250.1	-0.044358136
3250.15	-0.036839701
3250.2	-0.037229424
3250.25	-0.037771945
3250.3	-0.043745583
3250.35	-0.03453865
3250.4	-0.031186209
3250.45	-0.022959269
3250.5	-0.028590023
3250.55	-0.028008394
3250.6	-0.03870146
3250.65	-0.043844719
3250.7	-0.049901577
3250.75	-0.049857921
3250.8	-0.053462295
3250.85	-0.052648286
3250.9	-0.057240839
3250.95	-0.062701061
3251	-0.078069445
3251.05	-0.087668376
3251.1	-0.099252759
3251.15	-0.10431826
3251.2	-0.099100872
3251.25	-0.092374162
3251.3	-0.0939899
3251.35	-0.088255917
3251.4	-0.091948059
3251.45	-0.08815951
3251.5	-0.090068109
3251.55	-0.097775266
3251.6	-0.10760476
3251.65	-0.11228098
3251.7	-0.12251384
3251.75	-0.11771165
3251.8	-0.11227507
3251.85	-0.1004433
3251.9	-0.084568323
3251.95	-0.055016186
3252	-0.029322176
3252.05	0.00025360868
3252.1	0.020442832
3252.15	0.042592951
3252.2	0.060691219
3252.25	0.07952073
3252.3	0.087457993
3252.35	0.093244727
3252.4	0.097300671
3252.45	0.098452106
3252.5	0.090834081
3252.55	0.091133763
3252.6	0.085212422
3252.65	0.092164234
3252.7	0.082045975
3252.75	0.071776283
3252.8	0.047887188
3252.85	0.020773892
3252.9	-0.01041763
3252.95	-0.03409572
3253	-0.069533273
3253.05	-0.1057912
3253.1	-0.15441569
3253.15	-0.19739441
3253.2	-0.24922082
3253.25	-0.30663114
3253.3	-0.36219197
3253.35	-0.41503157
3253.4	-0.47473839
3253.45	-0.52296178
3253.5	-0.57890461
3253.55	-0.62941405
3253.6	-0.68749013
3253.65	-0.742528
3253.7	-0.8004249
3253.75	-0.84099707
3253.8	-0.88016997
3253.85	-0.90361614
3253.9	-0.93961576
3253.95	-0.97434163
3254	-1.0197647
3254.05	-1.0555187
3254.1	-1.0994897
3254.15	-1.1345889
3254.2	-1.1863244
3254.25	-1.2329134
3254.3	-1.283034
3254.35	-1.3285907
3254.4	-1.3755868
3254.45	-1.4224882
3254.5	-1.478315
3254.55	-1.5272551
3254.6	-1.5807227
3254.65	-1.6235496
3254.7	-1.6498302
3254.75	-1.6599385
3254.8	-1.6485997
3254.85	-1.6097569
3254.9	-1.5362019
3254.95	-1.4096942
3255	-1.2368379
3255.05	-0.9963867
3255.1	-0.69442011
3255.15	-0.33225921
3255.2	0.065782181
3255.25	0.49079453
3255.3	0.91493648
3255.35	1.3274481
3255.4	1.6998351
3255.45	2.0124315
3255.5	2.2348899
3255.55	2.3779453
3255.6	2.433653
3255.65	2.399592
3255.7	2.2720456
3255.75	2.0706504
3255.8	1.805969
3255.85	1.4867945
3255.9	1.1286841
3255.95	0.75167462
3256	0.36649456
3256.05	-0.0058050683
3256.1	-0.37218108
3256.15	-0.70901314
3256.2	-1.0301412
3256.25	-1.3050586
3256.3	-1.5577954
3256.35	-1.7620515
3256.4	-1.933694
3256.45	-2.0626511
3256.5	-2.1678792
3256.55	-2.2346915
3256.6	-2.273044
3256.65	-2.2838972
3256.7	-2.2770881
3256.75	-2.2499712
3256.8	-2.2284023
3256.85	-2.203404
3256.9	-2.1932421
3256.95	-2.1803972
3257	-2.1718073
3257.05	-2.1620624
3257.1	-2.1576941
3257.15	-2.142961
3257.2	-2.1371538
3257.25	-2.1329268
3257.3	-2.1321924
3257.35	-2.1114097
3257.4	-2.0969127
3257.45	-2.0828399
3257.5	-2.0748739
3257.55	-2.0649894
3257.6	-2.0689626
3257.65	-2.0733792
3257.7	-2.0865984
3257.75	-2.0943519
3257.8	-2.1051496
3257.85	-2.1114093
3257.9	-2.1220714
3257.95	-2.1321651
3258	-2.1499055
3258.05	-2.1702125
3258.1	-2.1909101
3258.15	-2.1981157
3258.2	-2.2030298
3258.25	-2.2006664
3258.3	-2.197962
3258.35	-2.1912817
3258.4	-2.1961412
3258.45	-2.2011062
3258.5	-2.2007151
3258.55	-2.1994218
3258.6	-2.2128224
3258.65	-2.233762
3258.7	-2.2662068
3258.75	-2.303593
3258.8	-2.3523543
3258.85	-2.4006137
3258.9	-2.4682973
3258.95	-2.5362693
3259	-2.6043995
3259.05	-2.6742446
3259.1	-2.752876
3259.15	-2.8294641
3259.2	-2.9091169
3259.25	-2.9859738
3259.3	-3.0694147
3259.35	-3.1403725
3259.4	-3.2081635
3259.45	-3.2609003
3259.5	-3.2943079
3259.55	-3.2900309
3259.6	-3.2556052
3259.65	-3.1698642
3259.7	-3.0500767
3259.75	-2.8807603
3259.8	-2.6746602
3259.85	-2.4298748
3259.9	-2.1609273
3259.95	-1.8673523
3260	-1.5634217
3260.05	-1.2467515
3260.1	-0.93953573
3260.15	-0.64781655
3260.2	-0.39511792
3260.25	-0.19771183
3260.3	-0.078152665
3260.35	-0.051124408
3260.4	-0.14626378
3260.45	-0.35686226
3260.5	-0.70478394
3260.55	-1.1729501
3260.6	-1.7732257
3260.65	-2.480411
3260.7	-3.2724906
3260.75	-4.1238341
3260.8	-5.0124
3260.85	-5.9157104
3260.9	-6.8208126
3260.95	-7.7103871
3261	-8.5685046
3261.05	-9.3825083
3261.1	-10.145303
3261.15	-10.849596
3261.2	-11.510765
3261.25	-12.135782
3261.3	-12.744863
3261.35	-13.328526
3261.4	-13.918606
3261.45	-14.499015
3261.5	-15.099647
3261.55	-15.730319
3261.6	-16.408472
3261.65	-17.11368
3261.7	-17.875513
3261.75	-18.682246
3261.8	-19.545313
3261.85	-20.463193
3261.9	-21.44113
3261.95	-22.467945
3262	-23.561713
3262.05	-24.717372
3262.1	-25.953365
3262.15	-27.270125
3262.2	-28.681864
3262.25	-30.194385
3262.3	-31.826059
3262.35	-33.568587
3262.4	-35.44937
3262.45	-37.441342
3262.5	-39.548615
3262.55	-41.71257
3262.6	-43.875254
3262.65	-45.894312
3262.7	-47.582598
3262.75	-48.631865
3262.8	-48.608928
3262.85	-46.883254
3262.9	-42.63522
3262.95	-34.808868
3263	-22.149303
3263.05	-3.2767307
3263.1	23.163627
3263.15	58.277156
3263.2	102.62543
3263.25	155.97867
3263.3	217.01968
3263.35	283.2972
3263.4	351.28335
3263.45	416.65832
3263.5	474.70415
3263.55	520.87454
3263.6	551.19975
3263.65	562.78297
3263.7	554.03375
3263.75	524.85346
3263.8	476.51989
3263.85	411.59298
3263.9	333.57788
3263.95	246.5969
3264	155.00368
3264.05	63.075438
3264.1	-25.316945
3264.15	-106.88553
3264.2	-179.12351
3264.25	-240.28044
3264.3	-289.40366
3264.35	-326.21504
3264.4	-351.04805
3264.45	-364.62666
3264.5	-368.03776
3264.55	-362.52972
3264.6	-349.49807
3264.65	-330.38072
3264.7	-306.63424
3264.75	-279.66839
3264.8	-250.8843
3264.85	-221.59945
3264.9	-193.03202
3264.95	-166.18937
3265	-141.90908
3265.05	-120.71955
3265.1	-102.89388
3265.15	-88.375754
3265.2	-76.87967
3265.25	-67.904527
3265.3	-60.859434
3265.35	-55.103869
3265.4	-50.116228
3265.45	-45.474852
3265.5	-40.933404
3265.55	-36.400918
3265.6	-31.926651
3265.65	-27.615261
3265.7	-23.631405
3265.75	-20.114884
3265.8	-17.199839
3265.85	-14.944596
3265.9	-13.36213
3265.95	-12.36427
3266	-11.836888
3266.05	-11.618574
3266.1	-11.56906
3266.15	-11.528544
3266.2	-11.340233
3266.25	-10.867541
3266.3	-10.001835
3266.35	-8.6489004
3266.4	-6.7624413
3266.45	-4.3244344
3266.5	-1.385796
3266.55	1.9503045
3266.6	5.5046714
3266.65	9.0932395
3266.7	12.463031
3266.75	15.419884
3266.8	17.770648
3266.85	19.400676
3266.9	20.262278
3266.95	20.40609
3267	19.968418
3267.05	19.167279
3267.1	18.230993
3267.15	17.390313
3267.2	16.80607
3267.25	16.559404
3267.3	16.603938
3267.35	16.834295
3267.4	17.069156
3267.45	17.131152
3267.5	16.858139
3267.55	16.186314
3267.6	15.113729
3267.65	13.75219
3267.7	12.248235
3267.75	10.801901
3267.8	9.586639
3267.85	8.770719
3267.9	8.4437187
3267.95	8.6304276
3268	9.3010176
3268.05	10.354846
3268.1	11.640503
3268.15	13.013972
3268.2	14.280224
3268.25	15.311006
3268.3	15.999707
3268.35	16.277571
3268.4	16.098881
3268.45	15.453863
3268.5	14.329259
3268.55	12.757661
3268.6	10.749958
3268.65	8.3571423
3268.7	5.6656859
3268.75	2.8107162
3268.8	-0.042872002
3268.85	-2.7202119
3268.9	-5.0740723
3268.95	-6.9512508
3269	-8.272835
3269.05	-8.9620881
3269.1	-9.024864
3269.15	-8.4857359
3269.2	-7.4248326
3269.25	-5.9229419
3269.3	-4.095684
3269.35	-2.0272922
3269.4	0.18130132
3269.45	2.4433256
3269.5	4.6495285
3269.55	6.717511
3269.6	8.5427808
3269.65	10.034798
3269.7	11.126218
3269.75	11.799281
3269.8	12.027198
3269.85	11.86502
3269.9	11.36573
3269.95	10.629404
3270	9.7492979
3270.05	8.8096572
3270.1	7.8512385
3270.15	6.9099816
3270.2	5.9743174
3270.25	5.0310687
3270.3	4.0247026
3270.35	2.9391139
3270.4	1.7216268
3270.45	0.34717073
3270.5	-1.1895463
3270.55	-2.8395155
3270.6	-4.5198555
3270.65	-6.1010942
3270.7	-7.4458877
3270.75	-8.4169154
3270.8	-8.9155723
3270.85	-8.854593
3270.9	-8.197888
3270.95	-6.929745
3271	-5.0874352
3271.05	-2.7008195
3271.1	0.15862551
3271.15	3.4313761
3271.2	7.0034966
3271.25	10.791162
3271.3	14.659697
3271.35	18.489505
3271.4	22.107522
3271.45	25.338595
3271.5	27.974599
3271.55	29.837083
3271.6	30.759996
3271.65	30.657261
3271.7	29.485927
3271.75	27.303257
3271.8	24.224292
3271.85	20.440997
3271.9	16.164485
3271.95	11.623569
3272	7.0327836
3272.05	2.5884415
3272.1	-1.576388
3272.15	-5.36466
3272.2	-8.7656638
3272.25	-11.76469
3272.3	-14.412017
3272.35	-16.741849
3272.4	-18.814634
3272.45	-20.662488
3272.5	-22.302725
3272.55	-23.698698
3272.6	-24.819747
3272.65	-25.566901
3272.7	-25.868894
3272.75	-25.628888
3272.8	-24.810109
3272.85	-23.370878
3272.9	-21.356682
3272.95	-18.825338
3273	-15.916111
3273.05	-12.756502
3273.1	-9.5016236
3273.15	-6.2808491
3273.2	-3.2355519
3273.25	-0.47147372
3273.3	1.9103098
3273.35	3.8532666
3273.4	5.31045
3273.45	6.2828333
3273.5	6.786211
3273.55	6.9091795
3273.6	6.7238207
3273.65	6.3366543
3273.7	5.8152902
3273.75	5.2153565
3273.8	4.5764456
3273.85	3.9170857
3273.9	3.250553
3273.95	2.5824501
3274	1.890122
3274.05	1.1669439
3274.1	0.38891162
3274.15	-0.44328038
3274.2	-1.3252801
3274.25	-2.2240958
3274.3	-3.1072356
3274.35	-3.9176181
3274.4	-4.6159767
3274.45	-5.1577369
3274.5	-5.5053025
3274.55	-5.6083846
3274.6	-5.4542182
3274.65	-5.0248312
3274.7	-4.3207591
3274.75	-3.3368805
3274.8	-2.081069
3274.85	-0.56629476
3274.9	1.1665196
3274.95	3.0706909
3275	5.0593498
3275.05	7.038263
3275.1	8.8647997
3275.15	10.418815
3275.2	11.548171
3275.25	12.14838
3275.3	12.12553
3275.35	11.468086
3275.4	10.203061
3275.45	8.4503485
3275.5	6.3598212
3275.55	4.1690667
3275.6	2.1096204
3275.65	0.40710402
3275.7	-0.79197695
3275.75	-1.3886555
3275.8	-1.3888624
3275.85	-0.85755418
3275.9	0.032122713
3275.95	1.109509
3276	2.1428456
3276.05	2.9820545
3276.1	3.4705908
3276.15	3.5476992
3276.2	3.2131328
3276.25	2.5560489
3276.3	1.70777
3276.35	0.83826372
3276.4	0.10430705
3276.45	-0.34714783
3276.5	-0.45266831
3276.55	-0.17959947
3276.6	0.44076622
3276.65	1.3595819
3276.7	2.4699355
3276.75	3.6874899
3276.8	4.9135664
3276.85	6.0848929
3276.9	7.0998811
3276.95	7.9039221
3277	8.4304094
3277.05	8.6532653
3277.1	8.5437394
3277.15	8.1162782
3277.2	7.4007304
3277.25	6.483238
3277.3	5.4671029
3277.35	4.473243
3277.4	3.6143151
3277.45	3.0021391
3277.5	2.6845431
3277.55	2.6829201
3277.6	2.9015181
3277.65	3.2438331
3277.7	3.5200725
3277.75	3.609562
3277.8	3.3543104
3277.85	2.6971752
3277.9	1.6191873
3277.95	0.20984027
3278	-1.4034863
3278.05	-3.0321008
3278.1	-4.5116313
3278.15	-5.6581109
3278.2	-6.3556751
3278.25	-6.5172466
3278.3	-6.1350634
3278.35	-5.2196511
3278.4	-3.828626
3278.45	-2.020379
3278.5	0.10646213
3278.55	2.455804
3278.6	4.8743135
3278.65	7.227082
3278.7	9.3325379
3278.75	11.033728
3278.8	12.17558
3278.85	12.653968
3278.9	12.40057
3278.95	11.464765
3279	9.953422
3279.05	8.058193
3279.1	6.0136353
3279.15	4.0809306
3279.2	2.480076
3279.25	1.3881754
3279.3	0.86456392
3279.35	0.89023246
3279.4	1.317218
3279.45	1.9334527
3279.5	2.4877473
3279.55	2.7427024
3279.6	2.5115054
3279.65	1.7504609
3279.7	0.47846026
3279.75	-1.1450623
3279.8	-2.924433
3279.85	-4.6056233
3279.9	-5.9533576
3279.95	-6.7537892
3280	-6.8790196
3280.05	-6.2687349
3280.1	-4.9624781
3280.15	-3.0551745
3280.2	-0.72425783
3280.25	1.8415198
3280.3	4.4043288
3280.35	6.7583305
3280.4	8.7050035
3280.45	10.098793
3280.5	10.835187
3280.55	10.902482
3280.6	10.317658
3280.65	9.1800705
3280.7	7.6017349
3280.75	5.7726252
3280.8	3.8388304
3280.85	1.982134
3280.9	0.36048863
3280.95	-0.88909314
3281	-1.6867889
3281.05	-1.9821848
3281.1	-1.7866009
3281.15	-1.1717514
3281.2	-0.27649055
3281.25	0.75044997
3281.3	1.710318
3281.35	2.4398258
3281.4	2.7952941
3281.45	2.7206419
3281.5	2.2067494
3281.55	1.3371948
3281.6	0.22179527
3281.65	-0.962408
3281.7	-2.050129
3281.75	-2.8926639
3281.8	-3.3717009
3281.85	-3.4197993
3281.9	-3.0241649
3281.95	-2.2233704
3282	-1.0918503
3282.05	0.27285678
3282.1	1.7440052
3282.15	3.230427
3282.2	4.6207249
3282.25	5.8443894
3282.3	6.8004116
3282.35	7.4480306
3282.4	7.741874
3282.45	7.6877615
3282.5	7.2942445
3282.55	6.6383785
3282.6	5.8079468
3282.65	4.9361194
3282.7	4.1324518
3282.75	3.5322676
3282.8	3.2083333
3282.85	3.2075707
3282.9	3.4983544
3282.95	3.9928267
3283	4.5369807
3283.05	4.9777234
3283.1	5.126822
3283.15	4.8774444
3283.2	4.1413554
3283.25	2.9559002
3283.3	1.4075938
3283.35	-0.33518418
3283.4	-2.0821013
3283.45	-3.6218079
3283.5	-4.7960325
3283.55	-5.467924
3283.6	-5.6113873
3283.65	-5.2144546
3283.7	-4.3506418
3283.75	-3.1143088
3283.8	-1.6265969
3283.85	8.4895243e-05
3283.9	1.644884
3283.95	3.2286503
3284	4.6683085
3284.05	5.9260208
3284.1	6.9527171
3284.15	7.7408617
3284.2	8.2884678
3284.25	8.613614
3284.3	8.7314951
3284.35	8.6708247
3284.4	8.4588993
3284.45	8.119019
3284.5	7.6565959
3284.55	7.0946833
3284.6	6.4390019
3284.65	5.6976733
3284.7	4.8850666
3284.75	4.0216903
3284.8	3.1097455
3284.85	2.1733223
3284.9	1.2404261
3284.95	0.36481743
3285	-0.41070095
3285.05	-1.0346842
3285.1	-1.4585728
3285.15	-1.6402781
3285.2	-1.5629751
3285.25	-1.2194813
3285.3	-0.63660916
3285.35	0.16036084
3285.4	1.1058942
3285.45	2.1624614
3285.5	3.2682375
3285.55	4.380436
3285.6	5.4388291
3285.65	6.4227086
3285.7	7.2738729
3285.75	7.9736685
3285.8	8.4775355
3285.85	8.7667658
3285.9	8.8117204
3285.95	8.6166877
3286	8.1728286
3286.05	7.5275269
3286.1	6.7210926
3286.15	5.8216031
3286.2	4.9001603
3286.25	4.0305566
3286.3	3.2522893
3286.35	2.6133324
3286.4	2.115318
3286.45	1.7491449
3286.5	1.4774903
3286.55	1.2771588
3286.6	1.0700078
3286.65	0.80851058
3286.7	0.44133921
3286.75	-0.012583165
3286.8	-0.56697007
3286.85	-1.157383
3286.9	-1.7287749
3286.95	-2.2051707
3287	-2.5380369
3287.05	-2.6810591
3287.1	-2.6297433
3287.15	-2.3983704
3287.2	-2.0428661
3287.25	-1.6135923
3287.3	-1.1896927
3287.35	-0.80785148
3287.4	-0.50819276
3287.45	-0.28835642
3287.5	-0.14247523
3287.55	-0.033128915
3287.6	0.054989069
3287.65	0.16537632
3287.7	0.3236991
3287.75	0.56738816
3287.8	0.88477997
3287.85	1.2683052
3287.9	1.6671542
3287.95	2.0804771
3288	2.4506617
3288.05	2.738822
3288.1	2.9095341
3288.15	2.9193836
3288.2	2.7177464
3288.25	2.2949565
3288.3	1.6271036
3288.35	0.74656001
3288.4	-0.33160027
3288.45	-1.5388222
3288.5	-2.8064882
3288.55	-4.0191926
3288.6	-5.106011
3288.65	-5.9743618
3288.7	-6.5974901
3288.75	-6.9709684
3288.8	-7.1223808
3288.85	-7.1172443
3288.9	-7.0365575
3288.95	-6.9102307
3289	-6.7745178
3289.05	-6.5942977
3289.1	-6.3493872
3289.15	-5.9786374
3289.2	-5.4482851
3289.25	-4.7236936
3289.3	-3.8181667
3289.35	-2.7411974
3289.4	-1.5512334
3289.45	-0.30842468
3289.5	0.87961307
3289.55	1.9350075
3289.6	2.7684228
3289.65	3.3254468
3289.7	3.5604573
3289.75	3.4613257
3289.8	3.0289718
3289.85	2.312017
3289.9	1.3538211
3289.95	0.21771705
3290	-1.0599266
3290.05	-2.4065878
3290.1	-3.7835045
3290.15	-5.1096758
3290.2	-6.3415477
3290.25	-7.4031941
3290.3	-8.2393197
3290.35	-8.7894628
3290.4	-9.0294147
3290.45	-8.9374836
3290.5	-8.5453945
3290.55	-7.8990852
3290.6	-7.0859892
3290.65	-6.1924741
3290.7	-5.3202343
3290.75	-4.5343334
3290.8	-3.9001196
3290.85	-3.4197893
3290.9	-3.1067117
3290.95	-2.9097685
3291	-2.801093
3291.05	-2.7024316
3291.1	-2.5653007
3291.15	-2.3417936
3291.2	-2.0007042
3291.25	-1.5190882
3291.3	-0.90182577
3291.35	-0.16542208
3291.4	0.62204676
3291.45	1.3957657
3291.5	2.0656463
3291.55	2.5480998
3291.6	2.7674109
3291.65	2.6688423
3291.7	2.2328113
3291.75	1.4915276
3291.8	0.50510106
3291.85	-0.61160819
3291.9	-1.7494062
3291.95	-2.7728446
3292	-3.595575
3292.05	-4.1173961
3292.1	-4.3123502
3292.15	-4.1628569
3292.2	-3.711051
3292.25	-3.0400126
3292.3	-2.2600349
3292.35	-1.468677
3292.4	-0.79313248
3292.45	-0.31121914
3292.5	-0.092886214
3292.55	-0.13625103
3292.6	-0.42541767
3292.65	-0.87250374
3292.7	-1.3982603
3292.75	-1.8761191
3292.8	-2.2190744
3292.85	-2.3352788
3292.9	-2.1824531
3292.95	-1.7248268
3293	-0.98555675
3293.05	0.0032113235
3293.1	1.1823232
3293.15	2.4872052
3293.2	3.8032501
3293.25	5.0440219
3293.3	6.0903786
3293.35	6.8744481
3293.4	7.3184432
3293.45	7.4217909
3293.5	7.1898936
3293.55	6.673666
3293.6	5.926802
3293.65	5.0245676
3293.7	4.0342511
3293.75	3.0271532
3293.8	2.0466385
3293.85	1.1418756
3293.9	0.32970002
3293.95	-0.33763712
3294	-0.8594978
3294.05	-1.2149334
3294.1	-1.4306319
3294.15	-1.5048695
3294.2	-1.4755229
3294.25	-1.356257
3294.3	-1.1884203
3294.35	-0.99013839
3294.4	-0.77716701
3294.45	-0.52585992
3294.5	-0.2620294
3294.55	0.036912174
3294.6	0.38285931
3294.65	0.78718811
3294.7	1.2565289
3294.75	1.7922809
3294.8	2.371596
3294.85	2.9764719
3294.9	3.5608789
3294.95	4.0748128
3295	4.4473521
3295.05	4.6186831
3295.1	4.5080443
3295.15	4.0760984
3295.2	3.2741424
3295.25	2.124093
3295.3	0.66068532
3295.35	-1.0195632
3295.4	-2.8335178
3295.45	-4.6572078
3295.5	-6.3992977
3295.55	-7.9505155
3295.6	-9.2606708
3295.65	-10.272268
3295.7	-10.986052
3295.75	-11.402909
3295.8	-11.56927
3295.85	-11.520908
3295.9	-11.324823
3295.95	-11.023668
3296	-10.6836
3296.05	-10.312029
3296.1	-9.9375219
3296.15	-9.5362135
3296.2	-9.0977428
3296.25	-8.5701008
3296.3	-7.9341216
3296.35	-7.1573668
3296.4	-6.2402291
3296.45	-5.1963154
3296.5	-4.0639622
3296.55	-2.903186
3296.6	-1.7981675
3296.65	-0.7891211
3296.7	0.076948192
3296.75	0.79011536
3296.8	1.3372972
3296.85	1.7526605
3296.9	2.0353561
3296.95	2.2225525
3297	2.3133221
3297.05	2.3210643
3297.1	2.2429291
3297.15	2.0931024
3297.2	1.8658409
3297.25	1.5779589
3297.3	1.2337089
3297.35	0.84600908
3297.4	0.4311923
3297.45	0.010739763
3297.5	-0.41373597
3297.55	-0.8193722
3297.6	-1.225535
3297.65	-1.619691
3297.7	-2.0125828
3297.75	-2.3941039
3297.8	-2.7753071
3297.85	-3.1349842
3297.9	-3.484442
3297.95	-3.8015141
3298	-4.0848977
3298.05	-4.3106967
3298.1	-4.4746107
3298.15	-4.5416782
3298.2	-4.4964957
3298.25	-4.3044448
3298.3	-3.954363
3298.35	-3.4256047
3298.4	-2.7339982
3298.45	-1.8775447
3298.5	-0.89622412
3298.55	0.18532725
3298.6	1.3054612
3298.65	2.4016716
3298.7	3.3908503
3298.75	4.2016316
3298.8	4.7634478
3298.85	5.0387527
3298.9	4.9995175
3298.95	4.6519528
3299	4.0120791
3299.05	3.1586188
3299.1	2.1550416
3299.15	1.0796495
3299.2	0.0199949
3299.25	-0.95545255
3299.3	-1.8113386
3299.35	-2.4939268
3299.4	-3.0017101
3299.45	-3.3497536
3299.5	-3.5488223
3299.55	-3.627833
3299.6	-3.6263582
3299.65	-3.5620293
3299.7	-3.4516866
3299.75	-3.2985293
3299.8	-3.1019359
3299.85	-2.8410958
3299.9	-2.503482
3299.95	-2.0720936
3300	-1.563001
3300.05	-0.97850399
3300.1	-0.36147255
3300.15	0.27011326
3300.2	0.85643339
3300.25	1.3774309
3300.3	1.7938148
3300.35	2.0964326
3300.4	2.2665453
3300.45	2.3341839
3300.5	2.2754676
3300.55	2.1050866
3300.6	1.8161091
3300.65	1.4137866
3300.7	0.8831374
3300.75	0.22245057
3300.8	-0.5626913
3300.85	-1.4248752
3300.9	-2.3524248
3300.95	-3.2682264
3301	-4.1235808
3301.05	-4.8389913
3301.1	-5.3666578
3301.15	-5.6453938
3301.2	-5.6604606
3301.25	-5.389038
3301.3	-4.8821123
3301.35	-4.1664808
3301.4	-3.3123625
3301.45	-2.3798096
3301.5	-1.4306387
3301.55	-0.50747061
3301.6	0.34695245
3301.65	1.1134049
3301.7	1.7623018
3301.75	2.3146477
3301.8	2.7924474
3301.85	3.2264789
3301.9	3.6608114
3301.95	4.1205837
3302	4.6443461
3302.05	5.2674908
3302.1	5.9904124
3302.15	6.8338641
3302.2	7.7784748
3302.25	8.83859
3302.3	9.971
3302.35	11.165277
3302.4	12.378162
3302.45	13.603501
3302.5	14.797011
3302.55	15.959304
3302.6	17.063004
3302.65	18.104313
3302.7	19.051379
3302.75	19.893193
3302.8	20.612964
3302.85	21.205642
3302.9	21.638016
3302.95	21.920343
3303	22.037825
3303.05	22.006122
3303.1	21.84046
3303.15	21.582263
3303.2	21.269683
3303.25	20.947561
3303.3	20.6441
3303.35	20.378495
3303.4	20.134867
3303.45	19.915606
3303.5	19.687302
3303.55	19.440791
3303.6	19.141353
3303.65	18.798525
3303.7	18.378334
3303.75	17.885684
3303.8	17.300775
3303.85	16.624283
3303.9	15.839768
3303.95	14.959373
3304	13.993925
3304.05	12.98462
3304.1	11.951056
3304.15	10.936643
3304.2	9.9468263
3304.25	9.0017777
3304.3	8.0565027
3304.35	7.0723831
3304.4	5.9878672
3304.45	4.7524401
3304.5	3.3050748
3304.55	1.6236093
3304.6	-0.3088426
3304.65	-2.454571
3304.7	-4.7584417
3304.75	-7.1248806
3304.8	-9.4643152
3304.85	-11.663964
3304.9	-13.639357
3304.95	-15.310979
3305	-16.648198
3305.05	-17.631973
3305.1	-18.29857
3305.15	-18.685168
3305.2	-18.857122
3305.25	-18.858122
3305.3	-18.744046
3305.35	-18.556152
3305.4	-18.342678
3305.45	-18.12069
3305.5	-17.91963
3305.55	-17.732754
3305.6	-17.599464
3305.65	-17.497324
3305.7	-17.451219
3305.75	-17.421573
3305.8	-17.405251
3305.85	-17.355547
3305.9	-17.26447
3305.95	-17.101229
3306	-16.875219
3306.05	-16.582426
3306.1	-16.243188
3306.15	-15.877747
3306.2	-15.53583
3306.25	-15.237099
3306.3	-15.015299
3306.35	-14.882586
3306.4	-14.848728
3306.45	-14.90109
3306.5	-15.001131
3306.55	-15.092734
3306.6	-15.155348
3306.65	-15.12263
3306.7	-14.96937
3306.75	-14.657957
3306.8	-14.17176
3306.85	-13.518296
3306.9	-12.759924
3306.95	-11.944687
3307	-11.160253
3307.05	-10.471613
3307.1	-9.9649826
3307.15	-9.6883321
3307.2	-9.7001866
3307.25	-9.9932605
3307.3	-10.54245
3307.35	-11.293145
3307.4	-12.189048
3307.45	-13.127466
3307.5	-14.036123
3307.55	-14.838706
3307.6	-15.485161
3307.65	-15.937239
3307.7	-16.203642
3307.75	-16.312821
3307.8	-16.324732
3307.85	-16.30614
3307.9	-16.360216
3307.95	-16.54765
3308	-16.949269
3308.05	-17.592622
3308.1	-18.500817
3308.15	-19.623535
3308.2	-20.912189
3308.25	-22.268369
3308.3	-23.584142
3308.35	-24.74346
3308.4	-25.647532
3308.45	-26.197671
3308.5	-26.349036
3308.55	-26.080405
3308.6	-25.441429
3308.65	-24.472993
3308.7	-23.293104
3308.75	-21.981644
3308.8	-20.650889
3308.85	-19.373211
3308.9	-18.196356
3308.95	-17.135428
3309	-16.188423
3309.05	-15.307325
3309.1	-14.457108
3309.15	-13.569514
3309.2	-12.603651
3309.25	-11.523524
3309.3	-10.321891
3309.35	-9.0080932
3309.4	-7.6155688
3309.45	-6.1931967
3309.5	-4.8151185
3309.55	-3.5437773
3309.6	-2.4525619
3309.65	-1.602118
3309.7	-1.0540567
3309.75	-0.81898975
3309.8	-0.91708456
3309.85	-1.3314002
3309.9	-2.0093167
3309.95	-2.8898463
3310	-3.9079737
3310.05	-4.9551693
3310.1	-5.9583381
3310.15	-6.8174178
3310.2	-7.4818818
3310.25	-7.8836904
3310.3	-7.9992154
3310.35	-7.8195652
3310.4	-7.3770121
3310.45	-6.6954803
3310.5	-5.846989
3310.55	-4.8948663
3310.6	-3.9242847
3310.65	-2.9945846
3310.7	-2.1715236
3310.75	-1.4873692
3310.8	-0.96611423
3310.85	-0.59817478
3310.9	-0.38026932
3310.95	-0.27747736
3311	-0.27067289
3311.05	-0.32057523
3311.1	-0.40513159
3311.15	-0.48212131
3311.2	-0.53899274
3311.25	-0.55366172
3311.3	-0.54278675
3311.35	-0.51888583
3311.4	-0.51986128
3311.45	-0.57122838
3311.5	-0.71102315
3311.55	-0.95422926
3311.6	-1.3130418
3311.65	-1.7811943
3311.7	-2.3324907
3311.75	-2.9141983
3311.8	-3.5026971
3311.85	-4.0217429
3311.9	-4.4369694
3311.95	-4.7067868
3312	-4.8237266
3312.05	-4.7783149
3312.1	-4.5931576
3312.15	-4.2887763
3312.2	-3.9030319
3312.25	-3.4637225
3312.3	-3.0181039
3312.35	-2.5912307
3312.4	-2.2144359
3312.45	-1.888999
3312.5	-1.6261417
3312.55	-1.4101362
3312.6	-1.2450676
3312.65	-1.1176812
3312.7	-1.0368224
3312.75	-1.0037114
3312.8	-1.0403031
3312.85	-1.1575799
3312.9	-1.3908937
3312.95	-1.7258231
3313	-2.1620902
3313.05	-2.6771282
3313.1	-3.2627671
3313.15	-3.8691673
3313.2	-4.4740523
3313.25	-5.0375715
3313.3	-5.5536728
3313.35	-5.9882768
3313.4	-6.3371152
3313.45	-6.5862199
3313.5	-6.7492417
3313.55	-6.807758
3313.6	-6.7825992
3313.65	-6.6661906
3313.7	-6.4661101
3313.75	-6.1674814
3313.8	-5.7776169
3313.85	-5.2893652
3313.9	-4.7122183
3313.95	-4.0320417
3314	-3.2558926
3314.05	-2.3807769
3314.1	-1.4244727
3314.15	-0.39910793
3314.2	0.65721874
3314.25	1.7184167
3314.3	2.7320216
3314.35	3.6551902
3314.4	4.437835
3314.45	5.0435294
3314.5	5.4296158
3314.55	5.6019686
3314.6	5.5369262
3314.65	5.2614549
3314.7	4.8020614
3314.75	4.2077667
3314.8	3.5285796
3314.85	2.8386626
3314.9	2.1750981
3314.95	1.5986215
3315	1.1362167
3315.05	0.81301128
3315.1	0.6146984
3315.15	0.52779734
3315.2	0.49898873
3315.25	0.51542305
3315.3	0.52732531
3315.35	0.51757312
3315.4	0.46316509
3315.45	0.36151137
3315.5	0.21505083
3315.55	0.054180972
3315.6	-0.12399452
3315.65	-0.27699487
3315.7	-0.40211385
3315.75	-0.46426315
3315.8	-0.46147233
3315.85	-0.36539253
3315.9	-0.19082368
3315.95	0.078273797
3316	0.42066976
3316.05	0.83779669
3316.1	1.2885617
3316.15	1.7596938
3316.2	2.205059
3316.25	2.5850413
3316.3	2.8433725
3316.35	2.9500039
3316.4	2.8717982
3316.45	2.6053765
3316.5	2.1353758
3316.55	1.4987214
3316.6	0.72092466
3316.65	-0.13542065
3316.7	-1.0275168
3316.75	-1.8883624
3316.8	-2.6898558
3316.85	-3.387726
3316.9	-3.9782444
3316.95	-4.4314537
3317	-4.7629402
3317.05	-4.9637664
3317.1	-5.0408289
3317.15	-4.9864413
3317.2	-4.805159
3317.25	-4.4823361
3317.3	-4.0218084
3317.35	-3.4126542
3317.4	-2.67419
3317.45	-1.8133176
3317.5	-0.87683708
3317.55	0.096570338
3317.6	1.0450864
3317.65	1.9323831
3317.7	2.6814962
3317.75	3.2540378
3317.8	3.6086025
3317.85	3.7391849
3317.9	3.6327213
3317.95	3.3306496
3318	2.8518955
3318.05	2.2736376
3318.1	1.6344452
3318.15	0.9981695
3318.2	0.40864154
3318.25	-0.089243186
3318.3	-0.46807216
3318.35	-0.70785216
3318.4	-0.81029532
3318.45	-0.76956717
3318.5	-0.5985886
3318.55	-0.29688896
3318.6	0.091376147
3318.65	0.5588156
3318.7	1.0474961
3318.75	1.5323876
3318.8	1.9501012
3318.85	2.2715744
3318.9	2.4433497
3318.95	2.4448586
3319	2.2573284
3319.05	1.9024531
3319.1	1.4045165
3319.15	0.82471344
3319.2	0.20946737
3319.25	-0.37243256
3319.3	-0.87864018
3319.35	-1.2472954
3319.4	-1.4614937
3319.45	-1.4984738
3319.5	-1.3681638
3319.55	-1.0740008
3319.6	-0.65204939
3319.65	-0.13605457
3319.7	0.43195583
3319.75	1.0361946
3319.8	1.6391146
3319.85	2.2231678
3319.9	2.7619198
3319.95	3.2467781
3320	3.6604589
3320.05	4.0064379
3320.1	4.2634794
3320.15	4.4516904
3320.2	4.5915438
3320.25	4.7104459
3320.3	4.834126
3320.35	5.0098786
3320.4	5.2511561
3320.45	5.5742264
3320.5	5.9546247
3320.55	6.3679386
3320.6	6.7426538
3320.65	7.0274489
3320.7	7.1560968
3320.75	7.1028857
3320.8	6.8328978
3320.85	6.3602528
3320.9	5.6979143
3320.95	4.9294482
3321	4.1200944
3321.05	3.3526992
3321.1	2.6899542
3321.15	2.2130386
3321.2	1.9321444
3321.25	1.8754853
3321.3	2.0224515
3321.35	2.359033
3321.4	2.8400146
3321.45	3.416035
3321.5	4.0415394
3321.55	4.6841407
3321.6	5.284876
3321.65	5.8163648
3321.7	6.2545067
3321.75	6.5783974
3321.8	6.7666293
3321.85	6.8405172
3321.9	6.8024275
3321.95	6.6864559
3322	6.5119184
3322.05	6.3100758
3322.1	6.0946983
3322.15	5.8982312
3322.2	5.7194437
3322.25	5.5756562
3322.3	5.4668478
3322.35	5.4010168
3322.4	5.3639212
3322.45	5.3579449
3322.5	5.3520108
3322.55	5.3427825
3322.6	5.295515
3322.65	5.2030555
3322.7	5.0352488
3322.75	4.7974665
3322.8	4.4863353
3322.85	4.1265823
3322.9	3.7293809
3322.95	3.3459025
3323	2.9884779
3323.05	2.6941739
3323.1	2.486288
3323.15	2.3965638
3323.2	2.4112796
3323.25	2.5341658
3323.3	2.7245041
3323.35	2.9609753
3323.4	3.2091587
3323.45	3.4317845
3323.5	3.5911354
3323.55	3.6713735
3323.6	3.647227
3323.65	3.5361785
3323.7	3.348269
3323.75	3.1223513
3323.8	2.8804335
3323.85	2.677338
3323.9	2.5477042
3323.95	2.5252612
3324	2.6115202
3324.05	2.8149831
3324.1	3.1114504
3324.15	3.4570228
3324.2	3.7947908
3324.25	4.0754694
3324.3	4.2431647
3324.35	4.2587386
3324.4	4.0828405
3324.45	3.7259961
3324.5	3.1962096
3324.55	2.5362349
3324.6	1.7974928
3324.65	1.0628991
3324.7	0.38236681
3324.75	-0.15849482
3324.8	-0.52273713
3324.85	-0.66046142
3324.9	-0.5715799
3324.95	-0.2629289
3325	0.2354506
3325.05	0.8931688
3325.1	1.6372656
3325.15	2.4237403
3325.2	3.1964169
3325.25	3.9260635
3325.3	4.5831177
3325.35	5.1570035
3325.4	5.6215185
3325.45	5.9945471
3325.5	6.2766714
3325.55	6.4856314
3325.6	6.6150014
3325.65	6.6940889
3325.7	6.7098507
3325.75	6.6825855
3325.8	6.591688
3325.85	6.4348805
3325.9	6.2039354
3325.95	5.8930593
3326	5.4759797
3326.05	4.9639326
3326.1	4.3457247
3326.15	3.6343516
3326.2	2.8514593
3326.25	2.0274206
3326.3	1.1841081
3326.35	0.37439044
3326.4	-0.36634796
3326.45	-0.9997687
3326.5	-1.5004442
3326.55	-1.8292122
3326.6	-1.9782184
3326.65	-1.9227413
3326.7	-1.6753382
3326.75	-1.2452718
3326.8	-0.68903811
3326.85	-0.033912909
3326.9	0.65023737
3326.95	1.3236209
3327	1.9044713
3327.05	2.3710262
3327.1	2.6901566
3327.15	2.8633407
3327.2	2.8920884
3327.25	2.8002864
3327.3	2.6191587
3327.35	2.4068035
3327.4	2.2141532
3327.45	2.0821424
3327.5	2.0242969
3327.55	2.0807432
3327.6	2.2373479
3327.65	2.4907577
3327.7	2.7925051
3327.75	3.1133917
3327.8	3.3942714
3327.85	3.6222387
3327.9	3.7560622
3327.95	3.7844247
3328	3.7005263
3328.05	3.5140116
3328.1	3.2412433
3328.15	2.9352012
3328.2	2.6166757
3328.25	2.3376787
3328.3	2.1155554
3328.35	1.9813914
3328.4	1.9413399
3328.45	2.0055515
3328.5	2.1348984
3328.55	2.3249806
3328.6	2.5409484
3328.65	2.7709189
3328.7	2.9875442
3328.75	3.1854033
3328.8	3.3617707
3328.85	3.5265141
3328.9	3.6777145
3328.95	3.8314852
3329	3.9796993
3329.05	4.1390417
3329.1	4.2938565
3329.15	4.4628278
3329.2	4.6332884
3329.25	4.8059068
3329.3	4.9665852
3329.35	5.114364
3329.4	5.2354848
3329.45	5.3136919
3329.5	5.3241426
3329.55	5.2634885
3329.6	5.1099661
3329.65	4.869655
3329.7	4.5460562
3329.75	4.1446097
3329.8	3.6745067
3329.85	3.1579435
3329.9	2.6160977
3329.95	2.0645385
3330	1.5229929
3330.05	1.0173451
3330.1	0.55623988
3330.15	0.1663263
3330.2	-0.15096593
3330.25	-0.37881502
3330.3	-0.50437693
3330.35	-0.51348245
3330.4	-0.40931532
3330.45	-0.1910547
3330.5	0.12059495
3330.55	0.50873682
3330.6	0.93940856
3330.65	1.3960927
3330.7	1.8316339
3330.75	2.2310882
3330.8	2.5564896
3330.85	2.7896375
3330.9	2.9184468
3330.95	2.9497029
3331	2.8758901
3331.05	2.729008
3331.1	2.5079938
3331.15	2.2412551
3331.2	1.9305
3331.25	1.5990436
3331.3	1.2375711
3331.35	0.8744548
3331.4	0.4895144
3331.45	0.10418245
3331.5	-0.28055377
3331.55	-0.64121899
3331.6	-0.9810738
3331.65	-1.2676684
3331.7	-1.4978913
3331.75	-1.6437256
3331.8	-1.7132014
3331.85	-1.6942883
3331.9	-1.6140848
3331.95	-1.459617
3332	-1.2528757
3332.05	-1.0107264
3332.1	-0.75743526
3332.15	-0.49131915
3332.2	-0.24583063
3332.25	-0.015942881
3332.3	0.17545319
3332.35	0.32931758
3332.4	0.44689811
3332.45	0.55244269
3332.5	0.62820912
3332.55	0.68103371
3332.6	0.71286189
3332.65	0.71469818
3332.7	0.68164217
3332.75	0.63281168
3332.8	0.54177282
3332.85	0.42547605
3332.9	0.2793975
3332.95	0.11636393
3333	-0.074148563
3333.05	-0.26452144
3333.1	-0.46336683
3333.15	-0.64397798
3333.2	-0.81663413
3333.25	-0.96453215
3333.3	-1.1029145
3333.35	-1.2306637
3333.4	-1.3744944
3333.45	-1.5441201
3333.5	-1.7527723
3333.55	-2.0150775
3333.6	-2.3419446
3333.65	-2.7149495
3333.7	-3.1304389
3333.75	-3.5592966
3333.8	-3.9839165
3333.85	-4.365278
3333.9	-4.7005303
3333.95	-4.9541825
3334	-5.1251679
3334.05	-5.2062704
3334.1	-5.2011649
3334.15	-5.1121979
3334.2	-4.975676
3334.25	-4.7988902
3334.3	-4.6093222
3334.35	-4.4153473
3334.4	-4.253436
3334.45	-4.1139214
3334.5	-4.0197079
3334.55	-3.9524162
3334.6	-3.9201956
3334.65	-3.8961164
3334.7	-3.893216
3334.75	-3.8886325
3334.8	-3.8815848
3334.85	-3.8485188
3334.9	-3.8019843
3334.95	-3.7427891
3335	-3.6725588
3335.05	-3.5857569
3335.1	-3.5035334
3335.15	-3.4349889
3335.2	-3.3902235
3335.25	-3.3750729
3335.3	-3.3941567
3335.35	-3.4268279
3335.4	-3.4652255
3335.45	-3.4829686
3335.5	-3.4687048
3335.55	-3.378414
3335.6	-3.2057524
3335.65	-2.9196808
3335.7	-2.5301528
3335.75	-2.020555
3335.8	-1.408218
3335.85	-0.69641602
3335.9	0.093315214
3335.95	0.93875099
3336	1.8155688
3336.05	2.7103517
3336.1	3.5837916
3336.15	4.4184011
3336.2	5.1656889
3336.25	5.8047995
3336.3	6.302465
3336.35	6.6587009
3336.4	6.8657301
3336.45	6.9440818
3336.5	6.9134841
3336.55	6.8019527
3336.6	6.635152
3336.65	6.4674999
3336.7	6.3398735
3336.75	6.2837601
3336.8	6.2967856
3336.85	6.4134443
3336.9	6.6133698
3336.95	6.8831335
3337	7.1758113
3337.05	7.4766766
3337.1	7.7495996
3337.15	7.9767229
3337.2	8.1447095
3337.25	8.2485064
3337.3	8.2908859
3337.35	8.3044882
3337.4	8.289679
3337.45	8.2901678
3337.5	8.3135097
3337.55	8.3831912
3337.6	8.503375
3337.65	8.6770883
3337.7	8.8915404
3337.75	9.1369659
3337.8	9.3826274
3337.85	9.6118131
3337.9	9.7973525
3337.95	9.9304335
3338	9.9918458
3338.05	9.9848106
3338.1	9.898628
3338.15	9.7516835
3338.2	9.5417332
3338.25	9.3004764
3338.3	9.0270303
3338.35	8.7456341
3338.4	8.4616775
3338.45	8.1980429
3338.5	7.9569119
3338.55	7.7448824
3338.6	7.5655562
3338.65	7.4150831
3338.7	7.2767499
3338.75	7.1437578
3338.8	6.9975751
3338.85	6.832343
3338.9	6.6280007
3338.95	6.3808345
3339	6.0876589
3339.05	5.7655102
3339.1	5.4134548
3339.15	5.0556754
3339.2	4.7039136
3339.25	4.3786179
3339.3	4.0844716
3339.35	3.8347605
3339.4	3.6270972
3339.45	3.4645201
3339.5	3.3369131
3339.55	3.2359336
3339.6	3.1584451
3339.65	3.0931914
3339.7	3.0274122
3339.75	2.9586428
3339.8	2.8711128
3339.85	2.7667159
3339.9	2.6399261
3339.95	2.4930523
3340	2.3236668
3340.05	2.1419772
3340.1	1.9518986
3340.15	1.7628377
3340.2	1.5747665
3340.25	1.3959092
3340.3	1.2263298
3340.35	1.0704589
3340.4	0.92633135
3340.45	0.79534532
3340.5	0.67077953
3340.55	0.55636946
3340.6	0.44802421
3340.65	0.34798704
3340.7	0.25533226
3340.75	0.17438397
3340.8	0.10426072
3340.85	0.05112468
3340.9	0.012828422
3340.95	-0.0086080177
3341	-0.016160335
3341.05	-0.011925121
3341.1	0.0010417391
3341.15	0.019475255
3341.2	0.039174215
3341.25	0.057580866
3341.3	0.071609117
3341.35	0.080448262
3341.4	0.083479993
3341.45	0.081297717
3341.5	0.074168234
3341.55	0.063861202
3341.6	0.051771686
3341.65	0.039379036
3341.7	0.027808162
3341.75	0.017901908
3341.8	0.010027331
3341.85	0.0044231757
3341.9	0.0010943404
3341.95	0
